126
H5N8.EPI_ISL_708713.Galliformes.japan.10.2020-12-01           0.0000000 0.0071845 0.0014201 0.0071834 0.0551007 0.0559855 0.0549866 0.0578891 0.0064553 0.0057399 0.0541137 0.0567524 0.0523701 0.0586642 0.0093925 0.0071964 0.0057313 0.0050065 0.0050065 0.0050079 0.0576720 0.0596286 0.0064564 0.0560767 0.0050061 0.0050065 0.0057292 0.0064785 0.0533613 0.0532623 0.0543602 0.0549989 0.0057308 0.0079259 0.0071834 0.0093963 0.0550756 0.0035655 0.0050065 0.0587125 0.0101518 0.0577972 0.0550756 0.0550038 0.0549818 0.0549866 0.0586839 0.0558950 0.0595855 0.0079370 0.0071946 0.0057394 0.0050065 0.0071973 0.0064553 0.0064676 0.0064677 0.0071995 0.0064553 0.0623224 0.0057313 0.0057313 0.0086733 0.0057395 0.0549866 0.0057395 0.0576854 0.0042854 0.0050065 0.0559907 0.0551007 0.0549866 0.0042854 0.0577789 0.0542207 0.0057390 0.0057302 0.0064785 0.0007091 0.0523470 0.0532194 0.0532194 0.0532387 0.0532148 0.0523470 0.0540943 0.0541337 0.0532266 0.0541213 0.0553250 0.0550958 0.0550958 0.0550958 0.0585822 0.0586880 0.0551085 0.0550883 0.0551976 0.0543359 0.0552117 0.0549866 0.0543206 0.0543206 0.0549918 0.0550883 0.0560242 0.0560819 0.0552180 0.0552180 0.0559825 0.0541140 0.0561246 0.0543693 0.0569817 0.0569817 0.0550834 0.0550834 0.0567655 0.0569035 0.0569035 0.0542659 0.0533971 0.0595592 0.0558645 0.0534094 0.0560490 
H5N8.EPI_ISL_738059.Galliformes.japan.10.2020-12-18           0.0071845 0.0000000 0.0071851 0.0057324 0.0533602 0.0542402 0.0532505 0.0561296 0.0007094 0.0042942 0.0523821 0.0550067 0.0506477 0.0577923 0.0035722 0.0014233 0.0042878 0.0021345 0.0035672 0.0035682 0.0559204 0.0587614 0.0021343 0.0552175 0.0035669 0.0021345 0.0028498 0.0050254 0.0516297 0.0515345 0.0526193 0.0532623 0.0042874 0.0064676 0.0057324 0.0035736 0.0533362 0.0050083 0.0035672 0.0578477 0.0043017 0.0560410 0.0533362 0.0532670 0.0532458 0.0532505 0.0586975 0.0541531 0.0595993 0.0064775 0.0057406 0.0042938 0.0035672 0.0057426 0.0021340 0.0050178 0.0050179 0.0057443 0.0007094 0.0623370 0.0042878 0.0042878 0.0072094 0.0042939 0.0532505 0.0042939 0.0559333 0.0028498 0.0035672 0.0542453 0.0533602 0.0532505 0.0028498 0.0569092 0.0524850 0.0042935 0.0042869 0.0050254 0.0064577 0.0506255 0.0514933 0.0514933 0.0515118 0.0514888 0.0506255 0.0523635 0.0524014 0.0515001 0.0523894 0.0535761 0.0533556 0.0533556 0.0533556 0.0568251 0.0569271 0.0533678 0.0533484 0.0534535 0.0525960 0.0534672 0.0532505 0.0525810 0.0525810 0.0514865 0.0533484 0.0542776 0.0543331 0.0534733 0.0534733 0.0542375 0.0506189 0.0543743 0.0526281 0.0552276 0.0552276 0.0533437 0.0533437 0.0550194 0.0533667 0.0533667 0.0525287 0.0516644 0.0577943 0.0523496 0.0516765 0.0543016 
H5N8.EPI_ISL_681272.Galliformes.japan.10.2020-11-19           0.0014201 0.0071851 0.0000000 0.0071840 0.0551055 0.0559905 0.0549915 0.0578942 0.0064559 0.0057403 0.0541184 0.0567574 0.0523747 0.0586694 0.0093932 0.0071970 0.0057317 0.0050069 0.0050069 0.0050083 0.0576771 0.0596339 0.0064569 0.0560816 0.0050065 0.0050069 0.0057297 0.0064790 0.0533660 0.0532670 0.0543650 0.0550038 0.0057313 0.0079266 0.0071840 0.0093971 0.0550805 0.0035658 0.0050069 0.0587177 0.0101527 0.0578023 0.0550805 0.0550086 0.0549866 0.0549915 0.0586891 0.0558999 0.0595908 0.0079377 0.0071952 0.0057399 0.0050069 0.0071978 0.0064559 0.0064681 0.0064683 0.0072001 0.0064559 0.0623280 0.0057317 0.0057317 0.0086740 0.0057400 0.0549915 0.0057400 0.0576905 0.0042857 0.0050069 0.0559957 0.0551055 0.0549915 0.0042857 0.0577840 0.0542255 0.0057394 0.0057306 0.0064790 0.0007091 0.0523516 0.0532241 0.0532241 0.0532434 0.0532194 0.0523516 0.0540991 0.0541385 0.0532312 0.0541261 0.0553299 0.0551007 0.0551007 0.0551007 0.0585874 0.0586932 0.0551133 0.0550932 0.0552025 0.0543407 0.0552166 0.0549915 0.0543254 0.0543254 0.0549966 0.0550932 0.0560292 0.0560869 0.0552229 0.0552229 0.0559875 0.0541188 0.0561296 0.0543741 0.0569868 0.0569868 0.0550883 0.0550883 0.0567705 0.0569085 0.0569085 0.0542707 0.0534018 0.0595644 0.0558694 0.0534141 0.0560539 
H5N8.EPI_ISL_732939.Galliformes.japan.16.2020-12-13           0.0071834 0.0057324 0.0071840 0.0000000 0.0515778 0.0524518 0.0514726 0.0543249 0.0050075 0.0042935 0.0506096 0.0532172 0.0488863 0.0559803 0.0079261 0.0057410 0.0042871 0.0035666 0.0035666 0.0035676 0.0541238 0.0569405 0.0064566 0.0534195 0.0035663 0.0035666 0.0042856 0.0050246 0.0498580 0.0497667 0.0508372 0.0514839 0.0042867 0.0064666 0.0042871 0.0079293 0.0498235 0.0050075 0.0035666 0.0560335 0.0086780 0.0542397 0.0498235 0.0514884 0.0514681 0.0514726 0.0568792 0.0523683 0.0577749 0.0064764 0.0057397 0.0042932 0.0035666 0.0057417 0.0050075 0.0050170 0.0050171 0.0057434 0.0050075 0.0604934 0.0042871 0.0042871 0.0072083 0.0042932 0.0514726 0.0042932 0.0541363 0.0028493 0.0035666 0.0524568 0.0515778 0.0514726 0.0028493 0.0551028 0.0507083 0.0042928 0.0042862 0.0050246 0.0064566 0.0488652 0.0497273 0.0497273 0.0497451 0.0497230 0.0488652 0.0505919 0.0506282 0.0497338 0.0506167 0.0517848 0.0515733 0.0515733 0.0515733 0.0550220 0.0551200 0.0515851 0.0515665 0.0516672 0.0508149 0.0516805 0.0514726 0.0508003 0.0508003 0.0514775 0.0515665 0.0524878 0.0525411 0.0516865 0.0516865 0.0524495 0.0506100 0.0525806 0.0508457 0.0534293 0.0534293 0.0515620 0.0515620 0.0532294 0.0533574 0.0533574 0.0507505 0.0498915 0.0559823 0.0523405 0.0499035 0.0525111 
H5N8.EPI_ISL_1041131.Galliformes.japan.1.2021-02-10           0.0551007 0.0533602 0.0551055 0.0515778 0.0000000 0.0035733 0.0014212 0.0021348 0.0524660 0.0499640 0.0050082 0.0042871 0.0035677 0.0108775 0.0543302 0.0534596 0.0516055 0.0507172 0.0507172 0.0507354 0.0050108 0.0086755 0.0542255 0.0042998 0.0507128 0.0507172 0.0515824 0.0526934 0.0042947 0.0050104 0.0057520 0.0042875 0.0481169 0.0543323 0.0533509 0.0525740 0.0057435 0.0524660 0.0489896 0.0079390 0.0553340 0.0050193 0.0057435 0.0057325 0.0028500 0.0028502 0.0116271 0.0035689 0.0108818 0.0526696 0.0516964 0.0516964 0.0507172 0.0517197 0.0524660 0.0525899 0.0508504 0.0517415 0.0524660 0.0116301 0.0516055 0.0516055 0.0535681 0.0499625 0.0028502 0.0499625 0.0050118 0.0498500 0.0489896 0.0007080 0.0000010 0.0028502 0.0498500 0.0101388 0.0035748 0.0516919 0.0515937 0.0526934 0.0542255 0.0035696 0.0042895 0.0042895 0.0042907 0.0042892 0.0035696 0.0050114 0.0050142 0.0042899 0.0050132 0.0057649 0.0057451 0.0057451 0.0057451 0.0057362 0.0057443 0.0057462 0.0057446 0.0057534 0.0050292 0.0057548 0.0057362 0.0050276 0.0050276 0.0057368 0.0057446 0.0064774 0.0064827 0.0057556 0.0057556 0.0064729 0.0064624 0.0064868 0.0050317 0.0072144 0.0072144 0.0072040 0.0072040 0.0071915 0.0072071 0.0072071 0.0057501 0.0057506 0.0064695 0.0079245 0.0050362 0.0064793 
H5N8.EPI_ISL_1041133.Galliformes.japan.1.2021-02-08           0.0559855 0.0542402 0.0559905 0.0524518 0.0035733 0.0000000 0.0021338 0.0043001 0.0533429 0.0508353 0.0042851 0.0035663 0.0028490 0.0101339 0.0552146 0.0543415 0.0524800 0.0515888 0.0515888 0.0516074 0.0028493 0.0079380 0.0533236 0.0035768 0.0515842 0.0515888 0.0524564 0.0535749 0.0035726 0.0042870 0.0050240 0.0035665 0.0489806 0.0552167 0.0542306 0.0552100 0.0050166 0.0533429 0.0498561 0.0072041 0.0562235 0.0028541 0.0050166 0.0050070 0.0021337 0.0021338 0.0108805 0.0028501 0.0101378 0.0535506 0.0525728 0.0525728 0.0515888 0.0525965 0.0533429 0.0534693 0.0517247 0.0526188 0.0533429 0.0108833 0.0524800 0.0524800 0.0544522 0.0508338 0.0021338 0.0508338 0.0042882 0.0507190 0.0498561 0.0028539 0.0035733 0.0021338 0.0507190 0.0093975 0.0028547 0.0525682 0.0524680 0.0535749 0.0551078 0.0028506 0.0035682 0.0035682 0.0035692 0.0035679 0.0028506 0.0042878 0.0042902 0.0035685 0.0042894 0.0050342 0.0050180 0.0050180 0.0050180 0.0050102 0.0050173 0.0050190 0.0050176 0.0050252 0.0043030 0.0050265 0.0050102 0.0043017 0.0043017 0.0050108 0.0050176 0.0057465 0.0057511 0.0050272 0.0050272 0.0057434 0.0057341 0.0057546 0.0043052 0.0057515 0.0057515 0.0064710 0.0064710 0.0064609 0.0064736 0.0064736 0.0050224 0.0050228 0.0057404 0.0071901 0.0043090 0.0057491 
H5N8.EPI_ISL_1041150.Anseriformes.japan.1.2021-01-23          0.0549866 0.0532505 0.0549915 0.0514726 0.0014212 0.0021338 0.0000000 0.0021378 0.0523586 0.0498624 0.0035603 0.0028445 0.0021304 0.0093811 0.0542178 0.0533494 0.0515001 0.0506140 0.0506140 0.0506322 0.0035621 0.0071933 0.0523396 0.0028529 0.0506096 0.0506140 0.0514771 0.0525849 0.0028496 0.0035618 0.0042935 0.0028447 0.0480200 0.0542199 0.0532412 0.0524660 0.0042871 0.0523586 0.0488906 0.0064632 0.0552189 0.0035682 0.0042871 0.0042789 0.0014182 0.0014183 0.0101239 0.0021312 0.0093848 0.0525612 0.0515906 0.0515906 0.0506140 0.0516138 0.0523586 0.0524819 0.0507466 0.0516355 0.0523586 0.0101264 0.0515001 0.0515001 0.0534574 0.0498609 0.0014183 0.0498609 0.0035628 0.0497489 0.0488906 0.0007094 0.0014212 0.0014183 0.0497489 0.0086481 0.0021347 0.0515861 0.0514884 0.0525849 0.0541137 0.0021316 0.0028461 0.0028461 0.0028469 0.0028459 0.0021316 0.0035625 0.0035645 0.0028463 0.0035638 0.0043022 0.0042883 0.0042883 0.0042883 0.0042817 0.0042877 0.0042892 0.0042880 0.0042945 0.0035752 0.0042956 0.0042817 0.0035741 0.0035741 0.0042822 0.0042880 0.0050132 0.0050172 0.0042962 0.0042962 0.0050105 0.0050024 0.0050203 0.0035770 0.0057428 0.0057428 0.0057348 0.0057348 0.0057259 0.0057372 0.0057372 0.0042921 0.0042924 0.0050079 0.0064518 0.0035801 0.0050155 
H5N8.EPI_ISL_1041161.Galliformes.japan.1.2021-02-14           0.0578891 0.0561296 0.0578942 0.0543249 0.0021348 0.0043001 0.0021378 0.0000000 0.0552241 0.0526995 0.0057397 0.0050157 0.0042932 0.0116364 0.0571156 0.0562354 0.0543544 0.0534549 0.0534549 0.0534744 0.0057427 0.0094256 0.0552039 0.0050305 0.0534502 0.0534549 0.0543297 0.0554666 0.0050246 0.0057422 0.0064905 0.0050161 0.0508246 0.0571179 0.0561197 0.0553392 0.0064807 0.0552241 0.0517078 0.0086857 0.0581375 0.0057524 0.0064807 0.0064672 0.0035724 0.0035727 0.0123898 0.0042947 0.0116410 0.0554412 0.0544514 0.0544514 0.0534549 0.0544761 0.0552241 0.0553561 0.0535971 0.0544995 0.0552241 0.0109048 0.0543544 0.0543544 0.0563511 0.0526980 0.0035727 0.0526980 0.0057438 0.0525778 0.0517078 0.0014209 0.0021348 0.0035727 0.0525778 0.0108945 0.0043018 0.0544465 0.0543419 0.0554666 0.0570042 0.0042956 0.0050185 0.0050185 0.0050199 0.0050181 0.0042956 0.0042959 0.0057466 0.0050189 0.0057454 0.0065042 0.0064826 0.0064826 0.0064826 0.0064713 0.0064816 0.0064839 0.0064820 0.0064922 0.0057649 0.0064939 0.0064713 0.0057631 0.0057631 0.0064721 0.0064820 0.0072178 0.0072238 0.0064948 0.0064948 0.0072138 0.0072018 0.0072283 0.0057678 0.0079587 0.0079587 0.0079472 0.0079472 0.0079345 0.0079506 0.0079506 0.0064883 0.0064888 0.0072099 0.0086697 0.0057718 0.0072211 
H5N8.EPI_ISL_1041180.Anseriformes.japan.10.2021-02-13         0.0064553 0.0007094 0.0064559 0.0050075 0.0524660 0.0533429 0.0523586 0.0552241 0.0000000 0.0035725 0.0514929 0.0541089 0.0497641 0.0568831 0.0028530 0.0007105 0.0035672 0.0014207 0.0028490 0.0028498 0.0550190 0.0578477 0.0014205 0.0543154 0.0028488 0.0014207 0.0021338 0.0043003 0.0507409 0.0506477 0.0517253 0.0523701 0.0035669 0.0057394 0.0050075 0.0028541 0.0524424 0.0042857 0.0028490 0.0569374 0.0035788 0.0551372 0.0524424 0.0523747 0.0523540 0.0523586 0.0577851 0.0532577 0.0586839 0.0057472 0.0050146 0.0035722 0.0028490 0.0050164 0.0014203 0.0042938 0.0042939 0.0050179 0.0000010 0.0614118 0.0035672 0.0035672 0.0064775 0.0035723 0.0523586 0.0035723 0.0550317 0.0021338 0.0028490 0.0533480 0.0524660 0.0523586 0.0021338 0.0560028 0.0515937 0.0035720 0.0035665 0.0043003 0.0057306 0.0497425 0.0506074 0.0506074 0.0506255 0.0506030 0.0497425 0.0514748 0.0515118 0.0506140 0.0515001 0.0526774 0.0524614 0.0524614 0.0524614 0.0559204 0.0560204 0.0524734 0.0524544 0.0525573 0.0517024 0.0525708 0.0523586 0.0516877 0.0516877 0.0523635 0.0524544 0.0533796 0.0534340 0.0525769 0.0525769 0.0533404 0.0514933 0.0534744 0.0517339 0.0543254 0.0543254 0.0524498 0.0524498 0.0541213 0.0542518 0.0542518 0.0516366 0.0507750 0.0568851 0.0532291 0.0507871 0.0534033 
H5N8.EPI_ISL_1184518.Accipitriformes.japan.16.2021-02-24      0.0057399 0.0042942 0.0057403 0.0042935 0.0499640 0.0508353 0.0498624 0.0526995 0.0035725 0.0000000 0.0490017 0.0516020 0.0472832 0.0543536 0.0064772 0.0043006 0.0028546 0.0021374 0.0021374 0.0021380 0.0525051 0.0553088 0.0050158 0.0517973 0.0021372 0.0021374 0.0028536 0.0035847 0.0482486 0.0481605 0.0492213 0.0498732 0.0028544 0.0050235 0.0042935 0.0064798 0.0499417 0.0035725 0.0007105 0.0544049 0.0072229 0.0526171 0.0499417 0.0498776 0.0498580 0.0498624 0.0552496 0.0507547 0.0561426 0.0050303 0.0042996 0.0028586 0.0021374 0.0043011 0.0035725 0.0035793 0.0035793 0.0043024 0.0035725 0.0588526 0.0028546 0.0028546 0.0057596 0.0028587 0.0498624 0.0028587 0.0525171 0.0014230 0.0007105 0.0508402 0.0499640 0.0498624 0.0014230 0.0534783 0.0490969 0.0028584 0.0028540 0.0035847 0.0050158 0.0472629 0.0481226 0.0481226 0.0481397 0.0481184 0.0472629 0.0489847 0.0490197 0.0481288 0.0490086 0.0501637 0.0499596 0.0499596 0.0499596 0.0534001 0.0534949 0.0499710 0.0499530 0.0500502 0.0491999 0.0500631 0.0498624 0.0491857 0.0491857 0.0498672 0.0499530 0.0508702 0.0509215 0.0500690 0.0500690 0.0508332 0.0490022 0.0509598 0.0492296 0.0518069 0.0518069 0.0499487 0.0499487 0.0516138 0.0517375 0.0517375 0.0491379 0.0482811 0.0543554 0.0507280 0.0482930 0.0508928 
H5N8.EPI_ISL_5260417.Charadriiformes.china.1.2021-05-16       0.0541137 0.0523821 0.0541184 0.0506096 0.0050082 0.0042851 0.0035603 0.0057397 0.0514929 0.0490017 0.0000000 0.0049982 0.0014184 0.0115939 0.0533452 0.0524791 0.0506366 0.0497533 0.0497533 0.0497710 0.0057227 0.0093915 0.0514743 0.0050130 0.0497489 0.0497533 0.0506140 0.0517147 0.0021344 0.0028457 0.0035732 0.0035608 0.0488800 0.0533472 0.0523729 0.0533409 0.0064570 0.0514929 0.0480345 0.0086544 0.0543415 0.0057324 0.0064570 0.0035611 0.0035600 0.0035603 0.0123443 0.0042798 0.0115984 0.0516915 0.0507253 0.0507253 0.0497533 0.0507480 0.0514929 0.0516138 0.0498831 0.0507693 0.0514929 0.0123475 0.0506366 0.0506366 0.0525849 0.0490002 0.0035603 0.0490002 0.0057238 0.0488906 0.0480345 0.0042856 0.0050082 0.0035603 0.0488906 0.0108549 0.0042868 0.0507209 0.0506251 0.0517147 0.0532430 0.0042806 0.0050010 0.0050010 0.0050024 0.0050006 0.0042806 0.0057233 0.0057265 0.0050014 0.0057254 0.0064809 0.0064588 0.0064588 0.0064588 0.0064487 0.0064579 0.0064601 0.0064583 0.0064681 0.0057437 0.0064698 0.0064487 0.0057419 0.0057419 0.0064495 0.0064583 0.0071910 0.0071978 0.0064706 0.0064706 0.0071871 0.0071754 0.0072024 0.0057466 0.0079301 0.0079301 0.0079187 0.0079187 0.0079052 0.0079220 0.0079220 0.0064644 0.0064650 0.0057313 0.0086385 0.0057517 0.0071943 
H5N8.EPI_ISL_5260465.Pelecaniformes.china.1.2021-01-26        0.0567524 0.0550067 0.0567574 0.0532172 0.0042871 0.0035663 0.0028445 0.0050157 0.0541089 0.0516020 0.0049982 0.0000000 0.0035606 0.0108550 0.0559828 0.0551096 0.0532458 0.0523540 0.0523540 0.0523729 0.0050008 0.0071949 0.0540892 0.0042913 0.0523494 0.0523540 0.0532219 0.0543444 0.0042862 0.0050004 0.0057405 0.0042789 0.0497446 0.0559850 0.0549970 0.0559781 0.0057321 0.0541089 0.0506206 0.0064638 0.0569938 0.0050093 0.0057321 0.0057211 0.0028443 0.0028445 0.0116029 0.0035618 0.0108592 0.0543198 0.0533401 0.0533401 0.0523540 0.0533641 0.0523655 0.0542372 0.0524920 0.0533868 0.0541089 0.0116059 0.0532458 0.0532458 0.0552219 0.0516005 0.0028445 0.0516005 0.0050018 0.0514839 0.0506206 0.0035667 0.0042871 0.0028445 0.0514839 0.0101179 0.0035677 0.0533354 0.0532337 0.0543444 0.0558745 0.0035625 0.0042810 0.0042810 0.0042822 0.0042806 0.0035625 0.0050014 0.0050042 0.0042813 0.0050032 0.0057522 0.0057337 0.0057337 0.0057337 0.0057247 0.0057329 0.0057348 0.0057332 0.0057419 0.0050192 0.0057434 0.0057247 0.0050176 0.0050176 0.0057254 0.0057332 0.0064634 0.0064686 0.0057442 0.0057442 0.0064600 0.0064495 0.0064726 0.0050217 0.0071996 0.0071996 0.0071884 0.0071884 0.0071772 0.0071914 0.0071914 0.0057387 0.0057391 0.0064566 0.0079073 0.0050261 0.0064664 
H5N8.EPI_ISL_5260466.Podicipediformes.china.1.2021-02-22      0.0523701 0.0506477 0.0523747 0.0488863 0.0035677 0.0028490 0.0021304 0.0042932 0.0497641 0.0472832 0.0014184 0.0035606 0.0000000 0.0101170 0.0516023 0.0507409 0.0489122 0.0480345 0.0480345 0.0480516 0.0042805 0.0079249 0.0497463 0.0035711 0.0480303 0.0480345 0.0488906 0.0499771 0.0007095 0.0014190 0.0021381 0.0021308 0.0471665 0.0516043 0.0506388 0.0515982 0.0050086 0.0497641 0.0463253 0.0071913 0.0525891 0.0042877 0.0050086 0.0021309 0.0021303 0.0021304 0.0108623 0.0028455 0.0101209 0.0499547 0.0489974 0.0489974 0.0480345 0.0490192 0.0497641 0.0498802 0.0481590 0.0490395 0.0497641 0.0108651 0.0489122 0.0489122 0.0508424 0.0472818 0.0021304 0.0472818 0.0042813 0.0471767 0.0463253 0.0028494 0.0035677 0.0021304 0.0471767 0.0093819 0.0028502 0.0489931 0.0489012 0.0499771 0.0515042 0.0028461 0.0035625 0.0035625 0.0035635 0.0035623 0.0028461 0.0042810 0.0042834 0.0035628 0.0042825 0.0050262 0.0050100 0.0050100 0.0050100 0.0050022 0.0050093 0.0050110 0.0050096 0.0050172 0.0042962 0.0050185 0.0050022 0.0042948 0.0042948 0.0050028 0.0050096 0.0057373 0.0057419 0.0050192 0.0050192 0.0057342 0.0057249 0.0057454 0.0042983 0.0064696 0.0064696 0.0064606 0.0064606 0.0064505 0.0064633 0.0064633 0.0050144 0.0050148 0.0057313 0.0071785 0.0043021 0.0057399 
H5N8.EPI_ISL_6829497.Gruiformes.japan.1.2021-11-19            0.0586642 0.0577923 0.0586694 0.0559803 0.0108775 0.0101339 0.0093811 0.0116364 0.0568831 0.0543536 0.0115939 0.0108550 0.0101170 0.0000000 0.0587846 0.0579017 0.0560108 0.0551077 0.0551077 0.0551278 0.0116003 0.0153780 0.0559773 0.0108886 0.0551028 0.0551077 0.0559853 0.0571340 0.0108750 0.0115993 0.0123819 0.0108558 0.0524680 0.0587870 0.0577821 0.0578656 0.0123629 0.0568831 0.0533548 0.0146205 0.0598139 0.0116209 0.0123629 0.0123380 0.0093804 0.0093811 0.0184020 0.0101208 0.0176354 0.0571078 0.0561111 0.0561111 0.0551077 0.0561368 0.0568831 0.0570196 0.0552549 0.0561611 0.0568831 0.0184070 0.0560108 0.0560108 0.0580214 0.0543521 0.0093811 0.0543521 0.0116027 0.0542276 0.0533548 0.0101351 0.0108775 0.0093811 0.0542276 0.0007080 0.0101380 0.0561062 0.0559979 0.0571340 0.0577789 0.0101229 0.0108612 0.0108612 0.0108644 0.0108603 0.0101229 0.0116016 0.0101249 0.0108622 0.0116061 0.0124088 0.0123666 0.0123666 0.0123666 0.0123463 0.0123647 0.0123691 0.0123655 0.0123853 0.0116448 0.0123885 0.0123463 0.0116411 0.0116411 0.0123478 0.0123655 0.0131214 0.0131325 0.0123902 0.0123902 0.0131139 0.0130915 0.0131410 0.0116508 0.0138842 0.0138842 0.0138637 0.0138637 0.0123500 0.0138695 0.0138695 0.0123775 0.0123785 0.0131067 0.0145928 0.0116606 0.0131273 
H5N8.EPI_ISL_759850.Galliformes.japan.10.2020-12-23           0.0093925 0.0035722 0.0093932 0.0079261 0.0543302 0.0552146 0.0542178 0.0571156 0.0028530 0.0064772 0.0533452 0.0559828 0.0516023 0.0587846 0.0000000 0.0035775 0.0064664 0.0042922 0.0057384 0.0057400 0.0569016 0.0597600 0.0042917 0.0561986 0.0057379 0.0042922 0.0050141 0.0072198 0.0525913 0.0524939 0.0535881 0.0542299 0.0064659 0.0086723 0.0079261 0.0057487 0.0543055 0.0071945 0.0057384 0.0588414 0.0064889 0.0570250 0.0543055 0.0542347 0.0542131 0.0542178 0.0596945 0.0551254 0.0606011 0.0086845 0.0064766 0.0064766 0.0057384 0.0079406 0.0042910 0.0072085 0.0072087 0.0079430 0.0028530 0.0633533 0.0064664 0.0064664 0.0094243 0.0064768 0.0542178 0.0064768 0.0569148 0.0050141 0.0057384 0.0552197 0.0543302 0.0542178 0.0050141 0.0578971 0.0534506 0.0064751 0.0064652 0.0072198 0.0086584 0.0515796 0.0524516 0.0524516 0.0524706 0.0524470 0.0515796 0.0533262 0.0533649 0.0524586 0.0533527 0.0545512 0.0543254 0.0543254 0.0543254 0.0578112 0.0579155 0.0543379 0.0543180 0.0544256 0.0535641 0.0544396 0.0542178 0.0535489 0.0535489 0.0542230 0.0543180 0.0552528 0.0553096 0.0544458 0.0544458 0.0552117 0.0533455 0.0553517 0.0535970 0.0562088 0.0562088 0.0543132 0.0543132 0.0559957 0.0561318 0.0561318 0.0534952 0.0526267 0.0587866 0.0550954 0.0526389 0.0552772 
H5N8.EPI_ISL_854602.Galliformes.japan.10.2021-01-01           0.0071964 0.0014233 0.0071970 0.0057410 0.0534596 0.0543415 0.0533494 0.0562354 0.0007105 0.0043006 0.0524791 0.0551096 0.0507409 0.0579017 0.0035775 0.0000000 0.0042942 0.0021377 0.0035725 0.0035735 0.0560253 0.0588731 0.0021375 0.0553212 0.0035722 0.0021377 0.0028540 0.0050329 0.0517253 0.0516297 0.0527173 0.0533613 0.0042938 0.0064784 0.0057410 0.0035789 0.0534354 0.0050158 0.0035725 0.0579573 0.0043081 0.0561464 0.0534354 0.0533660 0.0533448 0.0533494 0.0588089 0.0542540 0.0597129 0.0064874 0.0057491 0.0043002 0.0035725 0.0057512 0.0021371 0.0050253 0.0050254 0.0057529 0.0007105 0.0624570 0.0042942 0.0042942 0.0072205 0.0043003 0.0533494 0.0043003 0.0560383 0.0028540 0.0035725 0.0543466 0.0534596 0.0533494 0.0028540 0.0570165 0.0525825 0.0042999 0.0042933 0.0050329 0.0064673 0.0507187 0.0515883 0.0515883 0.0516069 0.0515838 0.0507187 0.0524605 0.0524985 0.0515952 0.0524865 0.0536764 0.0534549 0.0534549 0.0534549 0.0569321 0.0570345 0.0534672 0.0534477 0.0535532 0.0526939 0.0535670 0.0533494 0.0526789 0.0526789 0.0533545 0.0534477 0.0543791 0.0544348 0.0535732 0.0535732 0.0543388 0.0524795 0.0544761 0.0527261 0.0553314 0.0553314 0.0534430 0.0534430 0.0551222 0.0552559 0.0552559 0.0526263 0.0517601 0.0579036 0.0542247 0.0517723 0.0544031 
H5N8.EPI_ISL_854607.Galliformes.japan.16.2021-01-12           0.0057313 0.0042878 0.0057317 0.0042871 0.0516055 0.0524800 0.0515001 0.0543544 0.0035672 0.0028546 0.0506366 0.0532458 0.0489122 0.0560108 0.0064664 0.0042942 0.0000000 0.0021342 0.0021342 0.0021348 0.0541531 0.0569716 0.0050083 0.0534484 0.0021340 0.0021342 0.0028493 0.0035793 0.0498846 0.0497932 0.0508645 0.0515114 0.0028501 0.0050160 0.0042871 0.0064690 0.0515824 0.0035672 0.0021342 0.0560640 0.0072118 0.0542691 0.0515824 0.0515159 0.0514956 0.0515001 0.0569102 0.0523964 0.0578065 0.0050228 0.0042932 0.0028544 0.0021342 0.0042947 0.0035672 0.0035739 0.0035740 0.0042960 0.0035672 0.0605268 0.0000010 0.0028504 0.0057500 0.0028544 0.0515001 0.0028544 0.0541655 0.0014208 0.0021342 0.0524850 0.0516055 0.0515001 0.0014208 0.0551327 0.0507354 0.0028542 0.0028498 0.0035793 0.0050083 0.0488911 0.0497537 0.0497537 0.0497715 0.0497494 0.0488911 0.0506189 0.0506552 0.0497602 0.0506437 0.0518127 0.0516010 0.0516010 0.0516010 0.0550518 0.0551499 0.0516128 0.0515941 0.0516950 0.0508421 0.0517083 0.0515001 0.0508276 0.0508276 0.0515050 0.0515941 0.0525161 0.0525694 0.0517143 0.0517143 0.0524777 0.0506370 0.0526090 0.0508730 0.0534582 0.0534582 0.0515896 0.0515896 0.0532580 0.0533862 0.0533862 0.0507777 0.0499181 0.0560127 0.0523685 0.0499301 0.0525393 
H5N8.EPI_ISL_985183.Galliformes.south_korea.16.2020-12-07     0.0050065 0.0021345 0.0050069 0.0035666 0.0507172 0.0515888 0.0506140 0.0534549 0.0014207 0.0021374 0.0497533 0.0523540 0.0480345 0.0551077 0.0042922 0.0021377 0.0021342 0.0000000 0.0014204 0.0014208 0.0532577 0.0560640 0.0028495 0.0525523 0.0014203 0.0000010 0.0007092 0.0028587 0.0490017 0.0489122 0.0499764 0.0506251 0.0021340 0.0042923 0.0035666 0.0042939 0.0506945 0.0028490 0.0014204 0.0551598 0.0050252 0.0533713 0.0506945 0.0506295 0.0506096 0.0506140 0.0560039 0.0515069 0.0568971 0.0042981 0.0035717 0.0021372 0.0014204 0.0035729 0.0014207 0.0028544 0.0028544 0.0035740 0.0014207 0.0596077 0.0021342 0.0021342 0.0050228 0.0021373 0.0506140 0.0021373 0.0532698 0.0007092 0.0014204 0.0515937 0.0507172 0.0506140 0.0007092 0.0542324 0.0498500 0.0021371 0.0021338 0.0028587 0.0042857 0.0480138 0.0488737 0.0488737 0.0488911 0.0488694 0.0480138 0.0497360 0.0497715 0.0488800 0.0497602 0.0509201 0.0507128 0.0507128 0.0507128 0.0541531 0.0542493 0.0507243 0.0507061 0.0508048 0.0499545 0.0508179 0.0506140 0.0499402 0.0499402 0.0506189 0.0507061 0.0516241 0.0516763 0.0508238 0.0508238 0.0515865 0.0497537 0.0517151 0.0499847 0.0525620 0.0525620 0.0507017 0.0507017 0.0523659 0.0524915 0.0524915 0.0498915 0.0490346 0.0551096 0.0514797 0.0490466 0.0516470 
H5N8.EPI_ISL_985203.Anseriformes.south_korea.16.2020-12-23    0.0050065 0.0035672 0.0050069 0.0035666 0.0507172 0.0515888 0.0506140 0.0534549 0.0028490 0.0021374 0.0497533 0.0523540 0.0480345 0.0551077 0.0057384 0.0035725 0.0021342 0.0014204 0.0000000 0.0014208 0.0532577 0.0560640 0.0042857 0.0525523 0.0014203 0.0014204 0.0021335 0.0028587 0.0490017 0.0489122 0.0499764 0.0506251 0.0021340 0.0042923 0.0035666 0.0057407 0.0489679 0.0028490 0.0014204 0.0551598 0.0064796 0.0533713 0.0489679 0.0506295 0.0506096 0.0506140 0.0560039 0.0515069 0.0568971 0.0042981 0.0035717 0.0021372 0.0014204 0.0035729 0.0028490 0.0028544 0.0028544 0.0035740 0.0028490 0.0596077 0.0021342 0.0021342 0.0050228 0.0021373 0.0506140 0.0021373 0.0532698 0.0007092 0.0014204 0.0515937 0.0507172 0.0506140 0.0007092 0.0542324 0.0498500 0.0021371 0.0021338 0.0028587 0.0042857 0.0480138 0.0488737 0.0488737 0.0488911 0.0488694 0.0480138 0.0497360 0.0497715 0.0488800 0.0497602 0.0509201 0.0507128 0.0507128 0.0507128 0.0541531 0.0542493 0.0507243 0.0507061 0.0508048 0.0499545 0.0508179 0.0506140 0.0499402 0.0499402 0.0506189 0.0507061 0.0516241 0.0516763 0.0508238 0.0508238 0.0515865 0.0497537 0.0517151 0.0499847 0.0508204 0.0508204 0.0507017 0.0507017 0.0523659 0.0524915 0.0524915 0.0498915 0.0490346 0.0551096 0.0514797 0.0490466 0.0516470 
H5N8.EPI_ISL_985208.Anseriformes.south_korea.79.2020-12-27    0.0050079 0.0035682 0.0050083 0.0035676 0.0507354 0.0516074 0.0506322 0.0534744 0.0028498 0.0021380 0.0497710 0.0523729 0.0480516 0.0551278 0.0057400 0.0035735 0.0021348 0.0014208 0.0014208 0.0000000 0.0532770 0.0560847 0.0042869 0.0525714 0.0014207 0.0014208 0.0021340 0.0028595 0.0490192 0.0489297 0.0499943 0.0506432 0.0021346 0.0042935 0.0035676 0.0057423 0.0507128 0.0028498 0.0014208 0.0551800 0.0064814 0.0533907 0.0507128 0.0506477 0.0506277 0.0506322 0.0560245 0.0515254 0.0569181 0.0042993 0.0035727 0.0021378 0.0014208 0.0035739 0.0028498 0.0028552 0.0028552 0.0035750 0.0028498 0.0596300 0.0021348 0.0021348 0.0050242 0.0021379 0.0506322 0.0021379 0.0532892 0.0007094 0.0014208 0.0516123 0.0507354 0.0506322 0.0007094 0.0542522 0.0498679 0.0021376 0.0021344 0.0028595 0.0042869 0.0480308 0.0488911 0.0488911 0.0489085 0.0488868 0.0480308 0.0497537 0.0497893 0.0488974 0.0497780 0.0509385 0.0507310 0.0507310 0.0507310 0.0541728 0.0542691 0.0507426 0.0507243 0.0508231 0.0499725 0.0508362 0.0506322 0.0499581 0.0499581 0.0506370 0.0507243 0.0516428 0.0516950 0.0508421 0.0508421 0.0516051 0.0497715 0.0517339 0.0500027 0.0525810 0.0525810 0.0507199 0.0507199 0.0523848 0.0525105 0.0525105 0.0499094 0.0490521 0.0551297 0.0514982 0.0490641 0.0516657 
H5N8.EPI_ISL_985221.Galliformes.japan.1.2021-02-06            0.0576720 0.0559204 0.0576771 0.0541238 0.0050108 0.0028493 0.0035621 0.0057427 0.0550190 0.0525051 0.0057227 0.0050008 0.0042805 0.0116003 0.0569016 0.0560253 0.0541531 0.0532577 0.0532577 0.0532770 0.0000000 0.0093966 0.0549989 0.0050156 0.0532530 0.0532577 0.0541286 0.0552595 0.0050097 0.0057252 0.0064699 0.0050012 0.0506388 0.0569039 0.0559105 0.0568968 0.0064603 0.0550190 0.0515182 0.0086590 0.0579184 0.0014204 0.0064603 0.0064479 0.0035618 0.0035621 0.0123512 0.0042820 0.0116048 0.0552343 0.0542493 0.0542493 0.0532577 0.0542739 0.0550190 0.0551499 0.0525037 0.0533987 0.0550190 0.0123544 0.0541531 0.0541531 0.0561401 0.0516119 0.0035621 0.0516119 0.0057268 0.0523844 0.0515182 0.0042878 0.0050108 0.0035621 0.0523844 0.0108608 0.0042890 0.0542445 0.0541407 0.0552595 0.0567911 0.0042829 0.0050036 0.0050036 0.0050050 0.0050032 0.0042829 0.0057263 0.0057295 0.0050040 0.0057284 0.0064843 0.0064622 0.0064622 0.0064622 0.0064521 0.0064612 0.0064634 0.0064616 0.0064715 0.0057467 0.0064731 0.0064521 0.0057449 0.0057449 0.0064528 0.0064616 0.0071957 0.0072017 0.0064740 0.0064740 0.0071908 0.0071792 0.0072062 0.0057496 0.0079343 0.0079343 0.0079229 0.0079229 0.0079093 0.0079263 0.0079263 0.0064678 0.0064683 0.0071871 0.0086432 0.0057546 0.0071980 
H5N8.EPI_ISL_985229.Galliformes.japan.1.2021-02-06            0.0596286 0.0587614 0.0596339 0.0569405 0.0086755 0.0079380 0.0071933 0.0094256 0.0578477 0.0553088 0.0093915 0.0071949 0.0079249 0.0153780 0.0597600 0.0588731 0.0569716 0.0560640 0.0560640 0.0560847 0.0093966 0.0000000 0.0578263 0.0042773 0.0560591 0.0560640 0.0569455 0.0581042 0.0086735 0.0093958 0.0101657 0.0086583 0.0534123 0.0597625 0.0587510 0.0597549 0.0101502 0.0578477 0.0543033 0.0007080 0.0607963 0.0094131 0.0101502 0.0101299 0.0071928 0.0071933 0.0161445 0.0079279 0.0153841 0.0580773 0.0570742 0.0570742 0.0560640 0.0571004 0.0578477 0.0579872 0.0562146 0.0571253 0.0578477 0.0161488 0.0569716 0.0569716 0.0589956 0.0553074 0.0071933 0.0553074 0.0093985 0.0551800 0.0543033 0.0079390 0.0086755 0.0071933 0.0551800 0.0146260 0.0079413 0.0570691 0.0569585 0.0581042 0.0587395 0.0079295 0.0086626 0.0086626 0.0086651 0.0086619 0.0079295 0.0093977 0.0094031 0.0086633 0.0094012 0.0101875 0.0101531 0.0101531 0.0101531 0.0101367 0.0101516 0.0101552 0.0101522 0.0101684 0.0094324 0.0101710 0.0101367 0.0094294 0.0094294 0.0101378 0.0101522 0.0109011 0.0109102 0.0101724 0.0101724 0.0108949 0.0108765 0.0109172 0.0094372 0.0116562 0.0116562 0.0116390 0.0116390 0.0116200 0.0116440 0.0116440 0.0101621 0.0101629 0.0108890 0.0123662 0.0094452 0.0109060 
H5N8.EPI_ISL_985233.Anseriformes.japan.10.2021-02-08          0.0064564 0.0021343 0.0064569 0.0064566 0.0542255 0.0533236 0.0523396 0.0552039 0.0014205 0.0050158 0.0514743 0.0540892 0.0497463 0.0559773 0.0042917 0.0021375 0.0050083 0.0028495 0.0042857 0.0042869 0.0549989 0.0578263 0.0000000 0.0542956 0.0042854 0.0028495 0.0035665 0.0057502 0.0507227 0.0506295 0.0517066 0.0523512 0.0050079 0.0071958 0.0064566 0.0042934 0.0524235 0.0057306 0.0042857 0.0569164 0.0050246 0.0551171 0.0524235 0.0523558 0.0523351 0.0523396 0.0577637 0.0532383 0.0586621 0.0072059 0.0064658 0.0050154 0.0042857 0.0064681 0.0028487 0.0057415 0.0057416 0.0064701 0.0014205 0.0613887 0.0050083 0.0050083 0.0079400 0.0050155 0.0523396 0.0050155 0.0550116 0.0035665 0.0042857 0.0533286 0.0542255 0.0523396 0.0035665 0.0550998 0.0515751 0.0050150 0.0050073 0.0057502 0.0057315 0.0497247 0.0505892 0.0505892 0.0506074 0.0505848 0.0497247 0.0514563 0.0514933 0.0505959 0.0514816 0.0526583 0.0524424 0.0524424 0.0524424 0.0558999 0.0559998 0.0524544 0.0524355 0.0525383 0.0516837 0.0525517 0.0523396 0.0516690 0.0516690 0.0523446 0.0524355 0.0533602 0.0534146 0.0525578 0.0525578 0.0533211 0.0514748 0.0534549 0.0517152 0.0543055 0.0543055 0.0524309 0.0524309 0.0541016 0.0542320 0.0542320 0.0516180 0.0507567 0.0568641 0.0532099 0.0507688 0.0533838 
H5N8.EPI_ISL_1009693.Galliformes.south_korea.1.2021-01-08     0.0560767 0.0552175 0.0560816 0.0534195 0.0042998 0.0035768 0.0028529 0.0050305 0.0543154 0.0517973 0.0050130 0.0042913 0.0035711 0.0108886 0.0561986 0.0553212 0.0534484 0.0525523 0.0525523 0.0525714 0.0050156 0.0042773 0.0542956 0.0000000 0.0525477 0.0525523 0.0534242 0.0545530 0.0042989 0.0050152 0.0057585 0.0042916 0.0499310 0.0562008 0.0552078 0.0561939 0.0057491 0.0543154 0.0508111 0.0035585 0.0572149 0.0050241 0.0057491 0.0057380 0.0028527 0.0028529 0.0116390 0.0035724 0.0108928 0.0545281 0.0535434 0.0535434 0.0525523 0.0535677 0.0543154 0.0544448 0.0526916 0.0535906 0.0543154 0.0116420 0.0534484 0.0534484 0.0554346 0.0517959 0.0028529 0.0517959 0.0050166 0.0516782 0.0508111 0.0035772 0.0042998 0.0028529 0.0516782 0.0101491 0.0035782 0.0535387 0.0534361 0.0545530 0.0551973 0.0035731 0.0042936 0.0042936 0.0042948 0.0042933 0.0035731 0.0050162 0.0050190 0.0042940 0.0050180 0.0057706 0.0057506 0.0057506 0.0057506 0.0057417 0.0057498 0.0057518 0.0057502 0.0057600 0.0050340 0.0057615 0.0057417 0.0050324 0.0050324 0.0057424 0.0057502 0.0064838 0.0064891 0.0057623 0.0057623 0.0064802 0.0064686 0.0064932 0.0050365 0.0072216 0.0072216 0.0072112 0.0072112 0.0071996 0.0072142 0.0072142 0.0057557 0.0057561 0.0064768 0.0079324 0.0050410 0.0064867 
H5N8.EPI_ISL_1009695.Anseriformes.south_korea.10.2020-11-03   0.0050061 0.0035669 0.0050065 0.0035663 0.0507128 0.0515842 0.0506096 0.0534502 0.0028488 0.0021372 0.0497489 0.0523494 0.0480303 0.0551028 0.0057379 0.0035722 0.0021340 0.0014203 0.0014203 0.0014207 0.0532530 0.0560591 0.0042854 0.0525477 0.0000000 0.0014203 0.0021333 0.0028585 0.0489974 0.0489080 0.0499720 0.0506206 0.0021339 0.0042920 0.0035663 0.0057402 0.0506901 0.0028488 0.0014203 0.0551549 0.0064791 0.0533666 0.0506901 0.0506251 0.0506052 0.0506096 0.0559990 0.0515024 0.0568921 0.0042978 0.0035714 0.0021371 0.0014203 0.0035727 0.0028488 0.0028542 0.0028542 0.0035737 0.0028488 0.0596024 0.0021340 0.0021340 0.0050225 0.0021371 0.0506096 0.0021371 0.0532652 0.0007092 0.0014203 0.0515892 0.0507128 0.0506096 0.0007092 0.0542276 0.0498457 0.0021369 0.0021336 0.0028585 0.0042854 0.0480096 0.0488694 0.0488694 0.0488868 0.0488652 0.0480096 0.0497316 0.0497672 0.0488757 0.0497559 0.0509156 0.0507083 0.0507083 0.0507083 0.0541483 0.0542445 0.0507199 0.0507017 0.0508003 0.0499501 0.0508134 0.0506096 0.0499358 0.0499358 0.0506145 0.0507017 0.0516196 0.0516718 0.0508193 0.0508193 0.0515820 0.0497494 0.0517106 0.0499803 0.0525573 0.0525573 0.0506972 0.0506972 0.0523613 0.0524869 0.0524869 0.0498871 0.0490303 0.0551047 0.0514752 0.0490423 0.0516425 
H5N8.EPI_ISL_1009701.Anseriformes.south_korea.16.2020-11-26   0.0050065 0.0021345 0.0050069 0.0035666 0.0507172 0.0515888 0.0506140 0.0534549 0.0014207 0.0021374 0.0497533 0.0523540 0.0480345 0.0551077 0.0042922 0.0021377 0.0021342 0.0000010 0.0014204 0.0014208 0.0532577 0.0560640 0.0028495 0.0525523 0.0014203 0.0000000 0.0007092 0.0028587 0.0490017 0.0489122 0.0499764 0.0506251 0.0021340 0.0042923 0.0035666 0.0042939 0.0506945 0.0028490 0.0014204 0.0551598 0.0050252 0.0533713 0.0506945 0.0506295 0.0506096 0.0506140 0.0560039 0.0515069 0.0568971 0.0042981 0.0035717 0.0021372 0.0014204 0.0035729 0.0014207 0.0028544 0.0028544 0.0035740 0.0014207 0.0596077 0.0021342 0.0021342 0.0050228 0.0021373 0.0506140 0.0021373 0.0532698 0.0007092 0.0014204 0.0515937 0.0507172 0.0506140 0.0007092 0.0542324 0.0498500 0.0021371 0.0021338 0.0028587 0.0042857 0.0480138 0.0488737 0.0488737 0.0488911 0.0488694 0.0480138 0.0497360 0.0497715 0.0488800 0.0497602 0.0509201 0.0507128 0.0507128 0.0507128 0.0541531 0.0542493 0.0507243 0.0507061 0.0508048 0.0499545 0.0508179 0.0506140 0.0499402 0.0499402 0.0506189 0.0507061 0.0516241 0.0516763 0.0508238 0.0508238 0.0515865 0.0497537 0.0517151 0.0499847 0.0525620 0.0525620 0.0507017 0.0507017 0.0523659 0.0524915 0.0524915 0.0498915 0.0490346 0.0551096 0.0514797 0.0490466 0.0516470 
H5N8.EPI_ISL_1009704.Anseriformes.south_korea.16.2020-12-01   0.0057292 0.0028498 0.0057297 0.0042856 0.0515824 0.0524564 0.0514771 0.0543297 0.0021338 0.0028536 0.0506140 0.0532219 0.0488906 0.0559853 0.0050141 0.0028540 0.0028493 0.0007092 0.0021335 0.0021340 0.0541286 0.0569455 0.0035665 0.0534242 0.0021333 0.0007092 0.0000000 0.0035781 0.0498624 0.0497710 0.0508417 0.0514884 0.0028491 0.0050143 0.0042856 0.0050161 0.0515592 0.0035659 0.0021335 0.0560385 0.0057507 0.0542445 0.0515592 0.0514929 0.0514726 0.0514771 0.0568842 0.0523729 0.0577800 0.0050211 0.0042916 0.0028534 0.0021335 0.0042932 0.0021338 0.0035727 0.0035727 0.0042944 0.0021338 0.0604987 0.0028493 0.0028493 0.0057479 0.0028534 0.0514771 0.0028534 0.0541410 0.0014203 0.0021335 0.0524614 0.0515824 0.0514771 0.0014203 0.0551077 0.0507128 0.0028532 0.0028488 0.0035781 0.0050065 0.0488694 0.0497316 0.0497316 0.0497494 0.0497273 0.0488694 0.0505963 0.0506326 0.0497381 0.0506211 0.0517894 0.0515778 0.0515778 0.0515778 0.0550268 0.0551249 0.0515896 0.0515710 0.0516718 0.0508193 0.0516850 0.0514771 0.0508048 0.0508048 0.0514820 0.0515710 0.0524924 0.0525457 0.0516910 0.0516910 0.0524541 0.0506145 0.0525853 0.0508502 0.0534340 0.0534340 0.0515665 0.0515665 0.0532341 0.0533620 0.0533620 0.0507549 0.0498958 0.0559872 0.0523450 0.0499079 0.0525157 
H5N8.EPI_ISL_1273438.Galliformes.japan.16.2021-03-13          0.0064785 0.0050254 0.0064790 0.0050246 0.0526934 0.0535749 0.0525849 0.0554666 0.0043003 0.0035847 0.0517147 0.0543444 0.0499771 0.0571340 0.0072198 0.0050329 0.0035793 0.0028587 0.0028587 0.0028595 0.0552595 0.0581042 0.0057502 0.0545530 0.0028585 0.0028587 0.0035781 0.0000000 0.0509594 0.0508652 0.0519494 0.0525965 0.0035791 0.0057601 0.0050246 0.0072228 0.0507083 0.0043003 0.0028587 0.0571888 0.0079707 0.0553789 0.0507083 0.0526012 0.0525802 0.0525849 0.0580409 0.0534888 0.0589446 0.0057681 0.0050317 0.0035844 0.0028587 0.0050335 0.0043003 0.0043084 0.0043085 0.0050350 0.0043003 0.0616877 0.0035793 0.0035793 0.0065002 0.0035845 0.0525849 0.0035845 0.0552723 0.0021410 0.0028587 0.0535800 0.0526934 0.0525849 0.0021410 0.0562490 0.0518165 0.0035841 0.0035786 0.0000010 0.0057502 0.0499552 0.0508246 0.0508246 0.0508429 0.0508201 0.0499552 0.0516964 0.0517339 0.0508313 0.0517220 0.0509340 0.0526887 0.0526887 0.0526887 0.0561658 0.0562667 0.0527009 0.0526817 0.0508186 0.0519263 0.0527992 0.0525849 0.0499537 0.0499537 0.0525899 0.0526817 0.0536120 0.0516904 0.0528053 0.0528053 0.0535724 0.0517151 0.0537076 0.0499983 0.0525764 0.0525764 0.0526770 0.0526770 0.0543569 0.0544887 0.0544887 0.0518598 0.0509938 0.0571360 0.0534600 0.0510059 0.0536358 
H5N8.EPI_ISL_1939617.Strigiformes.china.1.2020-11-11          0.0533613 0.0516297 0.0533660 0.0498580 0.0042947 0.0035726 0.0028496 0.0050246 0.0507409 0.0482486 0.0021344 0.0042862 0.0007095 0.0108750 0.0525913 0.0517253 0.0498846 0.0490017 0.0490017 0.0490192 0.0050097 0.0086735 0.0507227 0.0042989 0.0489974 0.0490017 0.0498624 0.0509594 0.0000000 0.0021353 0.0028599 0.0028500 0.0481288 0.0525934 0.0516206 0.0525871 0.0057422 0.0507409 0.0472832 0.0079371 0.0535858 0.0050182 0.0057422 0.0028502 0.0028493 0.0028496 0.0116243 0.0035682 0.0108792 0.0509365 0.0499720 0.0499720 0.0490017 0.0499943 0.0507409 0.0508600 0.0491295 0.0500152 0.0507409 0.0116273 0.0498846 0.0498846 0.0518295 0.0482471 0.0028496 0.0482471 0.0050107 0.0481392 0.0472832 0.0035730 0.0042947 0.0028496 0.0481392 0.0101365 0.0035740 0.0499676 0.0498732 0.0509594 0.0524907 0.0035689 0.0042886 0.0042886 0.0042898 0.0042882 0.0035689 0.0050103 0.0050131 0.0042889 0.0050121 0.0057635 0.0057438 0.0057438 0.0057438 0.0057349 0.0057430 0.0057450 0.0057434 0.0057521 0.0035698 0.0057536 0.0057349 0.0050265 0.0050265 0.0057356 0.0057434 0.0064749 0.0064812 0.0042897 0.0042897 0.0064714 0.0064609 0.0064853 0.0050306 0.0072127 0.0072127 0.0072024 0.0072024 0.0071899 0.0072054 0.0072054 0.0057489 0.0057493 0.0064681 0.0079226 0.0050351 0.0064779 
H5N8.EPI_ISL_2685846.Anseriformes.china.1.2020-11-09          0.0532623 0.0515345 0.0532670 0.0497667 0.0050104 0.0042870 0.0035618 0.0057422 0.0506477 0.0481605 0.0028457 0.0050004 0.0014190 0.0115993 0.0524939 0.0516297 0.0497932 0.0489122 0.0489122 0.0489297 0.0057252 0.0093958 0.0506295 0.0050152 0.0489080 0.0489122 0.0497710 0.0508652 0.0021353 0.0000000 0.0035748 0.0035624 0.0480412 0.0524959 0.0515254 0.0524896 0.0064598 0.0506477 0.0471974 0.0086583 0.0534859 0.0057349 0.0064598 0.0035627 0.0035616 0.0035618 0.0123501 0.0042817 0.0116038 0.0508424 0.0498802 0.0498802 0.0489122 0.0499025 0.0506477 0.0507663 0.0490395 0.0499233 0.0506477 0.0123533 0.0497932 0.0497932 0.0517334 0.0481590 0.0035618 0.0481590 0.0057263 0.0480516 0.0471974 0.0042875 0.0050104 0.0035618 0.0480516 0.0108599 0.0042887 0.0498759 0.0497819 0.0508652 0.0523936 0.0042825 0.0050032 0.0050032 0.0035635 0.0050028 0.0042825 0.0057258 0.0057290 0.0050036 0.0057279 0.0064838 0.0064616 0.0064616 0.0064616 0.0064515 0.0064607 0.0050110 0.0064611 0.0064709 0.0057462 0.0064726 0.0064515 0.0057444 0.0057444 0.0064523 0.0064611 0.0071951 0.0072011 0.0064735 0.0064735 0.0057342 0.0071786 0.0057454 0.0057491 0.0079337 0.0079337 0.0079223 0.0079223 0.0079086 0.0079256 0.0079256 0.0064673 0.0064678 0.0071865 0.0086424 0.0057542 0.0071974 
