36
H5N6.EPI_ISL_6757629.Anseriformes.china.290.2021-03       0.0000000 0.0413279 0.0430779 0.0120728 0.0568892 0.0120728 0.0105232 0.0605297 0.0605297 0.0510656 0.0501558 0.0502028 0.0510656 0.0128161 0.0198771 0.0254946 0.0239359 0.0431916 0.0423234 0.0432362 0.0432362 0.0431751 0.0440953 0.0449603 0.0568892 0.0560702 0.0514658 0.0631669 0.0505084 0.0421777 0.0438753 0.0379158 0.0482418 0.0482418 0.0319988 0.0264260 
H5N6.EPI_ISL_6757630.Anseriformes.china.61.2021-04        0.0413279 0.0000000 0.0014764 0.0500119 0.0621768 0.0500119 0.0481977 0.0649587 0.0649587 0.0474166 0.0499877 0.0465649 0.0474166 0.0344888 0.0327446 0.0238100 0.0263385 0.0413406 0.0404808 0.0413830 0.0413830 0.0396431 0.0405456 0.0430914 0.0621768 0.0604488 0.0557757 0.0658179 0.0548002 0.0007357 0.0036996 0.0044532 0.0074530 0.0074530 0.0143515 0.0239221 
H5N6.EPI_ISL_6760682.Galliformes.china.61.2021-07         0.0430779 0.0014764 0.0000000 0.0518223 0.0622689 0.0518223 0.0499924 0.0650558 0.0650558 0.0492096 0.0517971 0.0483529 0.0492096 0.0361893 0.0344293 0.0254374 0.0279893 0.0430914 0.0422255 0.0431359 0.0431359 0.0413828 0.0422935 0.0448553 0.0622689 0.0605380 0.0558576 0.0659164 0.0548792 0.0022174 0.0051972 0.0059580 0.0089754 0.0089754 0.0159183 0.0255578 
H5N6.EPI_ISL_6760686.Galliformes.china.291.2021-06        0.0120728 0.0500119 0.0518223 0.0000000 0.0660011 0.0000010 0.0014780 0.0697558 0.0697558 0.0591671 0.0582283 0.0582843 0.0591671 0.0206448 0.0279195 0.0337045 0.0321190 0.0510793 0.0501863 0.0511334 0.0511334 0.0510589 0.0520145 0.0529026 0.0660011 0.0651692 0.0604005 0.0724591 0.0594004 0.0508856 0.0526305 0.0447668 0.0571324 0.0571324 0.0403876 0.0347014 
H5N6.EPI_ISL_6760687.Anseriformes.china.126.2021-08       0.0568892 0.0621768 0.0622689 0.0660011 0.0000000 0.0660011 0.0640775 0.0037061 0.0037061 0.0719595 0.0710504 0.0710486 0.0719595 0.0505546 0.0486787 0.0454496 0.0411799 0.0653994 0.0644642 0.0654711 0.0654711 0.0653712 0.0663887 0.0654644 0.0000010 0.0089937 0.0112654 0.0158958 0.0151282 0.0630776 0.0648738 0.0585377 0.0695330 0.0695330 0.0504771 0.0465401 
H5N6.EPI_ISL_6772737.Galliformes.china.127.2021-08        0.0120728 0.0500119 0.0518223 0.0000010 0.0660011 0.0000000 0.0014780 0.0697558 0.0697558 0.0591671 0.0582283 0.0582843 0.0591671 0.0206448 0.0279195 0.0337045 0.0321190 0.0510793 0.0501863 0.0511334 0.0511334 0.0510589 0.0520145 0.0529026 0.0660011 0.0651692 0.0604005 0.0724591 0.0594004 0.0508856 0.0526305 0.0447668 0.0571324 0.0571324 0.0403876 0.0347014 
H5N6.EPI_ISL_6772738.Galliformes.china.127.2021-08        0.0105232 0.0481977 0.0499924 0.0014780 0.0640775 0.0014780 0.0000000 0.0678034 0.0678034 0.0581803 0.0572463 0.0573011 0.0581803 0.0190411 0.0262639 0.0320078 0.0304295 0.0501289 0.0492391 0.0501818 0.0501818 0.0501090 0.0510591 0.0519433 0.0640775 0.0632494 0.0585214 0.0704892 0.0575316 0.0490653 0.0507974 0.0447073 0.0552664 0.0552664 0.0386463 0.0329899 
H5N6.EPI_ISL_6772898.Anseriformes.china.209.2021-08       0.0605297 0.0649587 0.0650558 0.0697558 0.0037061 0.0697558 0.0678034 0.0000000 0.0000010 0.0748574 0.0739410 0.0739389 0.0748574 0.0532262 0.0513257 0.0480793 0.0437707 0.0682333 0.0672885 0.0683086 0.0683086 0.0682033 0.0692347 0.0683015 0.0037061 0.0112950 0.0135820 0.0166939 0.0174798 0.0658676 0.0676794 0.0612840 0.0723847 0.0723847 0.0531435 0.0491927 
H5N6.EPI_ISL_7457654.Galliformes.china.209.2021-08        0.0605297 0.0649587 0.0650558 0.0697558 0.0037061 0.0697558 0.0678034 0.0000010 0.0000000 0.0748574 0.0739410 0.0739389 0.0748574 0.0532262 0.0513257 0.0480793 0.0437707 0.0682333 0.0672885 0.0683086 0.0683086 0.0682033 0.0692347 0.0683015 0.0037061 0.0112950 0.0135820 0.0166939 0.0174798 0.0658676 0.0676794 0.0612840 0.0723847 0.0723847 0.0531435 0.0491927 
H5N6.EPI_ISL_8517996.environment.china.73.2021-12-23      0.0510656 0.0474166 0.0492096 0.0591671 0.0719595 0.0591671 0.0581803 0.0748574 0.0748574 0.0000000 0.0127499 0.0007340 0.0000010 0.0431138 0.0414158 0.0279127 0.0348152 0.0097211 0.0120000 0.0127812 0.0127812 0.0127652 0.0135501 0.0143218 0.0719595 0.0683425 0.0634886 0.0757429 0.0615823 0.0482839 0.0500153 0.0447901 0.0544817 0.0544817 0.0362243 0.0254665 
H5N6.EPI_ISL_8517998.environment.china.73.2021-12-23      0.0501558 0.0499877 0.0517971 0.0582283 0.0710504 0.0582283 0.0572463 0.0739410 0.0739410 0.0127499 0.0000000 0.0119881 0.0127499 0.0422527 0.0422488 0.0287126 0.0339738 0.0104777 0.0127608 0.0135445 0.0135445 0.0135275 0.0143150 0.0150883 0.0710504 0.0674401 0.0626004 0.0748251 0.0606995 0.0508609 0.0526049 0.0473408 0.0571047 0.0571047 0.0370435 0.0262607 
H5N6.EPI_ISL_8517999.environment.china.73.2021-12-23      0.0502028 0.0465649 0.0483529 0.0582843 0.0710486 0.0582843 0.0573011 0.0739389 0.0739389 0.0007340 0.0119881 0.0000000 0.0007340 0.0422718 0.0405775 0.0271099 0.0339888 0.0089635 0.0112389 0.0120175 0.0120175 0.0120025 0.0127846 0.0135546 0.0710486 0.0674385 0.0625992 0.0748230 0.0606984 0.0474302 0.0491579 0.0439451 0.0536129 0.0536129 0.0354007 0.0246700 
H5N6.EPI_ISL_8518268.Galliformes.china.73.2021-12-23      0.0510656 0.0474166 0.0492096 0.0591671 0.0719595 0.0591671 0.0581803 0.0748574 0.0748574 0.0000010 0.0127499 0.0007340 0.0000000 0.0431138 0.0414158 0.0279127 0.0348152 0.0097211 0.0120000 0.0127812 0.0127812 0.0127652 0.0135501 0.0143218 0.0719595 0.0683425 0.0634886 0.0757429 0.0615823 0.0482839 0.0500153 0.0447901 0.0544817 0.0544817 0.0362243 0.0254665 
NA.EPI_ISL_16868591.Anseriformes.china.NA.2020-08-19      0.0128161 0.0344888 0.0361893 0.0206448 0.0505546 0.0206448 0.0190411 0.0532262 0.0532262 0.0431138 0.0422527 0.0422718 0.0431138 0.0000000 0.0110837 0.0180037 0.0172183 0.0357385 0.0349067 0.0357740 0.0357740 0.0357256 0.0365991 0.0374291 0.0533532 0.0516828 0.0463879 0.0585881 0.0445520 0.0364182 0.0380577 0.0323090 0.0422638 0.0422638 0.0242442 0.0188632 
H5N6.EPI_ISL_340832.environment.china.NA.2018-04-02       0.0198771 0.0327446 0.0344293 0.0279195 0.0486787 0.0279195 0.0262639 0.0513257 0.0513257 0.0414158 0.0422488 0.0405775 0.0414158 0.0110837 0.0000000 0.0164655 0.0141206 0.0341033 0.0332761 0.0341371 0.0341371 0.0340911 0.0349581 0.0357839 0.0514752 0.0481255 0.0429113 0.0549418 0.0411104 0.0346834 0.0363099 0.0306088 0.0404793 0.0404793 0.0210576 0.0173140 
H5N6.EPI_ISL_6795233.Anseriformes.china.NA.2018-03-01     0.0254946 0.0238100 0.0254374 0.0337045 0.0454496 0.0337045 0.0320078 0.0480793 0.0480793 0.0279127 0.0287126 0.0271099 0.0279127 0.0180037 0.0164655 0.0000000 0.0111700 0.0203664 0.0195822 0.0203857 0.0203857 0.0203597 0.0211674 0.0219527 0.0491234 0.0457797 0.0405879 0.0525800 0.0387996 0.0250367 0.0266157 0.0210931 0.0306471 0.0306471 0.0118486 0.0036611 
H5N6.EPI_ISL_283970.Struthioniformes.china.NA.2017-06-28  0.0239359 0.0263385 0.0279893 0.0321190 0.0411799 0.0321190 0.0304295 0.0437707 0.0437707 0.0348152 0.0339738 0.0339888 0.0348152 0.0172183 0.0141206 0.0111700 0.0000000 0.0285304 0.0277159 0.0285583 0.0285583 0.0285204 0.0293681 0.0301822 0.0448552 0.0415496 0.0364393 0.0482650 0.0346873 0.0275446 0.0291431 0.0235495 0.0332287 0.0332287 0.0157144 0.0119833 
H5N6.EPI_ISL_3770721.NA.china.287.2021-02-27              0.0431916 0.0413406 0.0430914 0.0510793 0.0653994 0.0510793 0.0501289 0.0682333 0.0682333 0.0097211 0.0104777 0.0089635 0.0097211 0.0357385 0.0341033 0.0203664 0.0285304 0.0000000 0.0065892 0.0073386 0.0073386 0.0073299 0.0080823 0.0088283 0.0690870 0.0655408 0.0599246 0.0727906 0.0579489 0.0423891 0.0440644 0.0390153 0.0483731 0.0483731 0.0291302 0.0180208 
H5N6.EPI_ISL_13295138.Anseriformes.canada.59.2020-09-12   0.0423234 0.0404808 0.0422255 0.0501863 0.0644642 0.0501863 0.0492391 0.0672885 0.0672885 0.0120000 0.0127608 0.0112389 0.0120000 0.0349067 0.0332761 0.0195822 0.0277159 0.0065892 0.0000000 0.0036452 0.0036452 0.0036409 0.0043797 0.0051161 0.0681515 0.0646147 0.0590185 0.0718436 0.0570516 0.0415384 0.0432090 0.0381749 0.0475042 0.0475042 0.0283198 0.0172438 
H5N6.EPI_ISL_18119935.Anseriformes.viet_nam.NA.2021-01-29 0.0432362 0.0413830 0.0431359 0.0511334 0.0654711 0.0511334 0.0501818 0.0683086 0.0683086 0.0127812 0.0135445 0.0120175 0.0127812 0.0357740 0.0341371 0.0203857 0.0285583 0.0073386 0.0036452 0.0000000 0.0000010 0.0043794 0.0051216 0.0014507 0.0691625 0.0656119 0.0599885 0.0728709 0.0580102 0.0424321 0.0441092 0.0390544 0.0484230 0.0484230 0.0291585 0.0180377 
H5N6.EPI_ISL_17809476.Anseriformes.viet_nam.59.2021-01-29 0.0432362 0.0413830 0.0431359 0.0511334 0.0654711 0.0511334 0.0501818 0.0683086 0.0683086 0.0127812 0.0135445 0.0120175 0.0127812 0.0357740 0.0341371 0.0203857 0.0285583 0.0073386 0.0036452 0.0000010 0.0000000 0.0043794 0.0051216 0.0014507 0.0691625 0.0656119 0.0599885 0.0728709 0.0580102 0.0424321 0.0441092 0.0390544 0.0484230 0.0484230 0.0291585 0.0180377 
H5N6.EPI_ISL_9572745.Anseriformes.viet_nam.59.2020-09-29  0.0431751 0.0396431 0.0413828 0.0510589 0.0653712 0.0510589 0.0501090 0.0682033 0.0682033 0.0127652 0.0135275 0.0120025 0.0127652 0.0357256 0.0340911 0.0203597 0.0285204 0.0073299 0.0036409 0.0043794 0.0043794 0.0000000 0.0007250 0.0058538 0.0690569 0.0655128 0.0598999 0.0727583 0.0579253 0.0407101 0.0423769 0.0373552 0.0466610 0.0466610 0.0275249 0.0180149 
H5N6.EPI_ISL_9572739.Anseriformes.viet_nam.59.2020-09-29  0.0440953 0.0405456 0.0422935 0.0520145 0.0663887 0.0520145 0.0510591 0.0692347 0.0692347 0.0135501 0.0143150 0.0127846 0.0135501 0.0365991 0.0349581 0.0211674 0.0293681 0.0080823 0.0043797 0.0051216 0.0051216 0.0007250 0.0000000 0.0066014 0.0700791 0.0665206 0.0608796 0.0737975 0.0588930 0.0416042 0.0432777 0.0382347 0.0475808 0.0475808 0.0283628 0.0188130 
H5N6.EPI_ISL_17809479.Anseriformes.viet_nam.59.2021-01-29 0.0449603 0.0430914 0.0448553 0.0529026 0.0654644 0.0529026 0.0519433 0.0683015 0.0683015 0.0143218 0.0150883 0.0135546 0.0143218 0.0374291 0.0357839 0.0219527 0.0301822 0.0088283 0.0051161 0.0014507 0.0014507 0.0058538 0.0066014 0.0000000 0.0691553 0.0674383 0.0617787 0.0747342 0.0597838 0.0441216 0.0458072 0.0407250 0.0501456 0.0501456 0.0307740 0.0195915 
H5N6.EPI_ISL_15613574.NA.china.NA.2021-08-19              0.0568892 0.0621768 0.0622689 0.0660011 0.0000010 0.0660011 0.0640775 0.0037061 0.0037061 0.0719595 0.0710504 0.0710486 0.0719595 0.0533532 0.0514752 0.0491234 0.0448552 0.0690870 0.0681515 0.0691625 0.0691625 0.0690569 0.0700791 0.0691553 0.0000000 0.0088645 0.0118581 0.0156653 0.0164614 0.0658577 0.0676473 0.0613298 0.0722945 0.0722945 0.0541358 0.0502323 
H5N6.EPI_ISL_5234816.Anseriformes.laos.NA.2021-03-17      0.0560702 0.0604488 0.0605380 0.0651692 0.0089937 0.0651692 0.0632494 0.0112950 0.0112950 0.0683425 0.0674401 0.0674385 0.0683425 0.0516828 0.0481255 0.0457797 0.0415496 0.0655408 0.0646147 0.0656119 0.0656119 0.0655128 0.0665206 0.0674383 0.0088645 0.0000000 0.0073644 0.0111194 0.0118966 0.0641347 0.0641098 0.0596260 0.0687097 0.0687097 0.0507591 0.0468615 
H5N6.EPI_ISL_332402.NA.china.NA.2018-11-06                0.0514658 0.0557757 0.0558576 0.0604005 0.0112654 0.0604005 0.0585214 0.0135820 0.0135820 0.0634886 0.0626004 0.0625992 0.0634886 0.0463879 0.0429113 0.0405879 0.0364393 0.0599246 0.0590185 0.0599885 0.0599885 0.0598999 0.0608796 0.0617787 0.0118581 0.0073644 0.0000000 0.0133740 0.0073567 0.0585894 0.0585671 0.0541715 0.0621816 0.0621816 0.0454888 0.0416243 
H5N6.EPI_ISL_718225.NA.china.203.2020-11-25               0.0631669 0.0658179 0.0659164 0.0724591 0.0158958 0.0724591 0.0704892 0.0166939 0.0166939 0.0757429 0.0748251 0.0748230 0.0757429 0.0585881 0.0549418 0.0525800 0.0482650 0.0727906 0.0718436 0.0728709 0.0728709 0.0727583 0.0737975 0.0747342 0.0156653 0.0111194 0.0133740 0.0000000 0.0180038 0.0694975 0.0694701 0.0649172 0.0741449 0.0741449 0.0559067 0.0537183 
H5N6.EPI_ISL_14174522.Carnivora.china.NA.2018-04-05       0.0505084 0.0548002 0.0548792 0.0594004 0.0151282 0.0594004 0.0575316 0.0174798 0.0174798 0.0615823 0.0606995 0.0606984 0.0615823 0.0445520 0.0411104 0.0387996 0.0346873 0.0579489 0.0570516 0.0580102 0.0580102 0.0579253 0.0588930 0.0597838 0.0164614 0.0118966 0.0073567 0.0180038 0.0000000 0.0566409 0.0566185 0.0522647 0.0610801 0.0610801 0.0420090 0.0398185 
H5N6.EPI_ISL_4568644.NA.china.NA.2021-07-09               0.0421777 0.0007357 0.0022174 0.0508856 0.0630776 0.0508856 0.0490653 0.0658676 0.0658676 0.0482839 0.0508609 0.0474302 0.0482839 0.0364182 0.0346834 0.0250367 0.0275446 0.0423891 0.0415384 0.0424321 0.0424321 0.0407101 0.0416042 0.0441216 0.0658577 0.0641347 0.0585894 0.0694975 0.0566409 0.0000000 0.0029155 0.0051289 0.0066071 0.0066071 0.0156716 0.0251532 
H5N6.EPI_ISL_18231267.Anseriformes.laos.NA.2022-02-16     0.0438753 0.0036996 0.0051972 0.0526305 0.0648738 0.0526305 0.0507974 0.0676794 0.0676794 0.0500153 0.0526049 0.0491579 0.0500153 0.0380577 0.0363099 0.0266157 0.0291431 0.0440644 0.0432090 0.0441092 0.0441092 0.0423769 0.0432777 0.0458072 0.0676473 0.0641098 0.0585671 0.0694701 0.0566185 0.0029155 0.0000000 0.0080955 0.0036535 0.0036535 0.0172035 0.0267402 
H5N6.EPI_ISL_1081370.NA.china.204.2020-12-22              0.0379158 0.0044532 0.0059580 0.0447668 0.0585377 0.0447668 0.0447073 0.0612840 0.0612840 0.0447901 0.0473408 0.0439451 0.0447901 0.0323090 0.0306088 0.0210931 0.0235495 0.0390153 0.0381749 0.0390544 0.0390544 0.0373552 0.0382347 0.0407250 0.0613298 0.0596260 0.0541715 0.0649172 0.0522647 0.0051289 0.0080955 0.0000000 0.0118625 0.0118625 0.0118572 0.0211901 
H5N6.EPI_ISL_18231288.environment.laos.NA.2022-07-26      0.0482418 0.0074530 0.0089754 0.0571324 0.0695330 0.0571324 0.0552664 0.0723847 0.0723847 0.0544817 0.0571047 0.0536129 0.0544817 0.0422638 0.0404793 0.0306471 0.0332287 0.0483731 0.0475042 0.0484230 0.0484230 0.0466610 0.0475808 0.0501456 0.0722945 0.0687097 0.0621816 0.0741449 0.0610801 0.0066071 0.0036535 0.0118625 0.0000000 0.0000010 0.0210987 0.0307922 
H5N6.EPI_ISL_18231286.Galliformes.laos.NA.2022-07-13      0.0482418 0.0074530 0.0089754 0.0571324 0.0695330 0.0571324 0.0552664 0.0723847 0.0723847 0.0544817 0.0571047 0.0536129 0.0544817 0.0422638 0.0404793 0.0306471 0.0332287 0.0483731 0.0475042 0.0484230 0.0484230 0.0466610 0.0475808 0.0501456 0.0722945 0.0687097 0.0621816 0.0741449 0.0610801 0.0066071 0.0036535 0.0118625 0.0000010 0.0000000 0.0210987 0.0307922 
H5N6.EPI_ISL_17262174.environment.china.NA.2023-03-01     0.0319988 0.0143515 0.0159183 0.0403876 0.0504771 0.0403876 0.0386463 0.0531435 0.0531435 0.0362243 0.0370435 0.0354007 0.0362243 0.0242442 0.0210576 0.0118486 0.0157144 0.0291302 0.0283198 0.0291585 0.0291585 0.0275249 0.0283628 0.0307740 0.0541358 0.0507591 0.0454888 0.0559067 0.0420090 0.0156716 0.0172035 0.0118572 0.0210987 0.0210987 0.0000000 0.0119015 
H5N6.EPI_ISL_340810.environment.china.NA.2017-12-26       0.0264260 0.0239221 0.0255578 0.0347014 0.0465401 0.0347014 0.0329899 0.0491927 0.0491927 0.0254665 0.0262607 0.0246700 0.0254665 0.0188632 0.0173140 0.0036611 0.0119833 0.0180208 0.0172438 0.0180377 0.0180377 0.0180149 0.0188130 0.0195915 0.0502323 0.0468615 0.0416243 0.0537183 0.0398185 0.0251532 0.0267402 0.0211901 0.0307922 0.0307922 0.0119015 0.0000000 
