7
H5N2.EPI_ISL_1760455.Anseriformes.china.286.2020-11-10    0.0000000 0.0729784 0.0201458 0.0185084 0.0636051 0.0603100 0.0568328 
H5N2.EPI_ISL_china_8.Anseriformes.china.101.2021-12-29    0.0729784 0.0000000 0.0562201 0.0639396 0.0277572 0.0251628 0.0348356 
H5N2.EPI_ISL_3204257.Anseriformes.china.NA.2018-12-20     0.0201458 0.0562201 0.0000000 0.0135385 0.0469483 0.0430098 0.0399938 
H6N2.EPI_ISL_462613.Anseriformes.china.NA.2019-11-19      0.0185084 0.0639396 0.0135385 0.0000000 0.0562926 0.0521114 0.0488808 
H9N2.EPI_ISL_9593365.Anseriformes.iran.NA.2019-10-01      0.0636051 0.0277572 0.0469483 0.0562926 0.0000000 0.0144232 0.0268285 
H4N2.EPI_ISL_18287397.Anseriformes.thailand.NA.2018-11-01 0.0603100 0.0251628 0.0430098 0.0521114 0.0144232 0.0000000 0.0242559 
NA.EPI_ISL_209117.Anseriformes.mongolia.NA.2015-08-30     0.0568328 0.0348356 0.0399938 0.0488808 0.0268285 0.0242559 0.0000000 
