216
H5N8.EPI_ISL_681274.Galliformes.japan.10.2020-11-19             0.0000000 0.2170307 0.2179809 0.2180661 0.2169785 0.2161860 0.2172727 0.0686057 0.0686364 0.0559906 0.0040036 0.0026541 0.2173978 0.0706031 0.0968858 0.0731607 0.0975064 0.2623962 0.0031045 0.0044526 0.2190501 0.2180661 0.0559764 0.0565693 0.0026553 0.2201621 0.2191762 0.2297964 0.0039925 0.0035453 0.2172928 0.1065546 0.0673646 0.0013232 0.0026577 0.0666870 0.0666870 0.2476257 0.0017659 0.0655696 0.0681467 0.0649067 0.2183496 0.0693578 0.0680473 0.0707027 0.0648862 0.0667664 0.0515445 0.0667664 0.0687253 0.0672568 0.0673919 0.0673907 0.2623962 0.2650201 0.2579074 0.1361559 0.0729397 0.0941908 0.0735820 0.0742097 0.0742097 0.0698935 0.0673775 0.0630697 0.1106650 0.1361559 0.0698671 0.0624892 0.0657470 0.0679961 0.1369518 0.1369518 0.0022097 0.0008801 0.0017664 0.0035549 0.0560732 0.0022077 0.0040090 0.1139283 0.0649867 0.0668270 0.2190501 0.0017659 0.0013217 0.0017664 0.0031043 0.0081088 0.0925490 0.1353809 0.1352965 0.0031043 0.0680743 0.0081088 0.1345345 0.0636139 0.1361559 0.0752485 0.0738852 0.0738546 0.0990985 0.0962463 0.0948138 0.0948515 0.0744964 0.2696097 0.0746053 0.0699964 0.1124449 0.0608406 0.0613121 0.0613121 0.0540651 0.0576279 0.0521936 0.1377298 0.0989674 0.0982454 0.0558433 0.0541351 0.0558004 0.2288172 0.0653634 0.0679961 0.0659567 0.0647455 0.0674197 0.0898087 0.0941410 0.0968725 0.0951938 0.0975519 0.0944933 0.0942419 0.0686057 0.0948138 0.0664859 0.0698059 0.0700009 0.0697971 0.0697971 0.0518936 0.3198566 0.3186220 0.3213019 0.3210918 0.3210918 0.3185706 0.3210861 0.3225051 0.3198566 0.3199081 0.0546398 0.0026546 0.0026545 0.0925490 0.0854304 0.0830200 0.1084286 0.1046271 0.0744964 0.0738546 0.0738852 0.0614386 0.0708036 0.0008803 0.0659875 0.2412560 0.2452508 0.2453744 0.2453744 0.1943272 0.1804516 0.1786949 0.0731607 0.0673646 0.0515051 0.1134670 0.1156089 0.0589209 0.0578048 0.0031037 0.0035453 0.0040021 0.0040090 0.0053419 0.0053419 0.2201621 0.2183618 0.2183496 0.2172727 0.2199320 0.2172928 0.2191762 0.2191762 0.0692408 0.0674899 0.0692321 0.0673775 0.0685970 0.0700744 0.0666472 0.0666472 0.0654269 0.0706910 0.0968725 0.0975514 0.0982714 0.0525245 0.0525245 0.0538720 0.0509249 0.0509249 0.0515051 
H5N8.EPI_ISL_732930.Galliformes.japan.16.2020-12-13             0.2170307 0.0000000 0.0013210 0.0022063 0.0017629 0.0030953 0.0026498 0.1934410 0.1935647 0.1829709 0.2179658 0.2195629 0.0026504 0.1968212 0.1815572 0.1992928 0.1813094 0.1458517 0.2204307 0.2221097 0.0026503 0.0022063 0.1819946 0.1810130 0.2176215 0.0022059 0.0017629 0.0151416 0.2185754 0.2195303 0.0044360 0.1732831 0.1933033 0.2156847 0.2204102 0.1880649 0.1880649 0.2402249 0.2176215 0.1932989 0.1950725 0.1929593 0.0022064 0.1969444 0.1945841 0.1983493 0.1928653 0.1923930 0.1755259 0.1923930 0.1958796 0.1909210 0.1923930 0.1915472 0.1458517 0.1473121 0.1442383 0.1994703 0.2002092 0.1823840 0.2012572 0.2001139 0.2001139 0.1806630 0.1933654 0.1931550 0.1791702 0.1994703 0.1955022 0.1922787 0.1988659 0.1943533 0.2003973 0.2003973 0.2186079 0.2149780 0.2177593 0.2164481 0.1934883 0.2150817 0.2238859 0.1801816 0.1877889 0.1876964 0.0026503 0.2176215 0.2138770 0.2177593 0.2182041 0.2243808 0.1677524 0.2003973 0.2004903 0.2182041 0.1937016 0.2243808 0.2014370 0.1926475 0.1985733 0.1926477 0.1911863 0.1901947 0.1826943 0.1788215 0.1805259 0.1806218 0.1911863 0.1434040 0.2144633 0.1959023 0.1763840 0.1909534 0.1912356 0.1912356 0.1833358 0.1875836 0.1759357 0.2012965 0.1832410 0.1822609 0.1823434 0.1837780 0.1861290 0.1206719 0.1895188 0.1943533 0.1904193 0.1885035 0.1935501 0.1770279 0.1796474 0.1795779 0.1832845 0.1824132 0.1817391 0.1890220 0.1934410 0.1787959 0.1667063 0.1795993 0.1793900 0.1795736 0.1795736 0.1809822 0.2994430 0.2982847 0.3007979 0.3006019 0.3006019 0.3006019 0.3019017 0.3018435 0.2970805 0.2994898 0.1842459 0.2174838 0.2196693 0.1677524 0.1659746 0.1606898 0.1760206 0.1745207 0.1911863 0.1901947 0.1911863 0.1838793 0.1877100 0.2148424 0.1885035 0.1375538 0.1417781 0.1426072 0.1426072 0.2455878 0.2252119 0.2222746 0.1992928 0.1933033 0.1781466 0.1798353 0.1815521 0.1640259 0.1604892 0.2213918 0.2195303 0.2153475 0.2238859 0.2126612 0.2126612 0.0022059 0.0022065 0.0022064 0.0026498 0.0017651 0.0044360 0.0017629 0.0026495 0.1944919 0.1939072 0.1944629 0.1933654 0.1954987 0.1955464 0.1938649 0.1938649 0.1877207 0.1964973 0.1795779 0.1804559 0.1814317 0.1804605 0.1804605 0.1813291 0.1771601 0.1771601 0.1781466 
H5N8.EPI_ISL_732933.Galliformes.japan.16.2020-12-15             0.2179809 0.0013210 0.0000000 0.0026500 0.0022057 0.0035408 0.0030943 0.1943533 0.1944776 0.1838468 0.2189278 0.2205190 0.0030950 0.1977414 0.1806764 0.2002194 0.1821640 0.1457605 0.2213918 0.2230763 0.0030948 0.0026500 0.1828686 0.1818852 0.2185754 0.0026495 0.0022057 0.0156156 0.2195303 0.2204862 0.0048841 0.1722091 0.1942148 0.2166364 0.2213713 0.1889656 0.1889656 0.2368710 0.2185754 0.1942103 0.1959906 0.1938682 0.0026501 0.1978651 0.1954987 0.1992746 0.1937736 0.1933033 0.1763892 0.1933033 0.1967983 0.1918263 0.1933033 0.1924566 0.1457605 0.1472187 0.1441484 0.2003682 0.2011314 0.1832410 0.2021812 0.2010357 0.2010357 0.1815137 0.1942773 0.1919958 0.1790466 0.2003682 0.1964182 0.1911219 0.1976735 0.1952668 0.2012965 0.2012965 0.2195629 0.2159254 0.2187138 0.2173944 0.1943909 0.2160296 0.2248580 0.1790876 0.1886779 0.1885848 0.0030948 0.2185754 0.2148226 0.2187138 0.2191617 0.2253463 0.1685838 0.2012965 0.2013899 0.2191617 0.1946152 0.2253463 0.2023379 0.1914944 0.1994703 0.1935313 0.1920649 0.1910716 0.1835535 0.1796731 0.1813798 0.1814763 0.1920649 0.1433143 0.2154879 0.1968212 0.1753029 0.1897970 0.1900826 0.1900826 0.1822169 0.1864480 0.1768020 0.2021967 0.1823579 0.1813798 0.1812280 0.1826545 0.1850014 0.1206020 0.1904193 0.1952668 0.1913211 0.1894022 0.1944629 0.1778720 0.1805001 0.1804301 0.1841476 0.1815312 0.1825919 0.1898907 0.1943533 0.1796474 0.1675359 0.1804525 0.1802463 0.1804267 0.1804267 0.1818535 0.2978635 0.2967065 0.2992168 0.2990212 0.2990212 0.2990212 0.3003126 0.3002549 0.2955038 0.2979102 0.1831242 0.2184370 0.2206258 0.1685838 0.1668030 0.1615038 0.1749313 0.1734403 0.1920649 0.1910716 0.1920649 0.1847423 0.1885852 0.2157892 0.1894022 0.1374695 0.1416902 0.1425186 0.1425186 0.2442501 0.2239483 0.2210190 0.2002194 0.1942148 0.1790130 0.1787386 0.1804508 0.1648502 0.1613070 0.2223540 0.2204862 0.2162921 0.2248580 0.2136034 0.2136034 0.0026495 0.0026503 0.0026501 0.0030943 0.0022085 0.0048841 0.0022057 0.0030940 0.1954061 0.1948227 0.1953770 0.1942773 0.1964146 0.1964678 0.1947749 0.1947749 0.1886187 0.1974200 0.1804301 0.1813094 0.1822870 0.1813283 0.1813283 0.1822031 0.1780246 0.1780246 0.1790130 
H5N8.EPI_ISL_732938.Galliformes.japan.16.2020-12-13             0.2180661 0.0022063 0.0026500 0.0000000 0.0013203 0.0035411 0.0030947 0.1944276 0.1945521 0.1859117 0.2190142 0.2206054 0.0030953 0.1978175 0.1824789 0.2002970 0.1822295 0.1440964 0.2214790 0.2231644 0.0030952 0.0026503 0.1849276 0.1839385 0.2186610 0.0026498 0.0022059 0.0156176 0.2196163 0.2205727 0.0048847 0.1740060 0.1942891 0.2167213 0.2214584 0.1890371 0.1890371 0.2398718 0.2186610 0.1942845 0.1960660 0.1939421 0.0026504 0.1979413 0.1955737 0.1993517 0.1938473 0.1933771 0.1764533 0.1933771 0.1968740 0.1918992 0.1933771 0.1925300 0.1440964 0.1455309 0.1424918 0.2004434 0.2012089 0.1833070 0.2022591 0.2011131 0.2011131 0.1796519 0.1943516 0.1930010 0.1781326 0.2004434 0.1964935 0.1921254 0.1987046 0.1953415 0.2013720 0.2013720 0.2196490 0.2160097 0.2187996 0.2174791 0.1963027 0.2161140 0.2249471 0.1791526 0.1887483 0.1886552 0.0030952 0.2186610 0.2149065 0.2187996 0.2192479 0.2254350 0.1686428 0.2013720 0.2014655 0.2192479 0.1946897 0.2254350 0.2024139 0.1924945 0.1995450 0.1936030 0.1921358 0.1911420 0.1836198 0.1797375 0.1814450 0.1815415 0.1921358 0.1416528 0.2167759 0.1968969 0.1753660 0.1908009 0.1910834 0.1910834 0.1831921 0.1874356 0.1768665 0.2022726 0.1841654 0.1831831 0.1822007 0.1836335 0.1859827 0.1190806 0.1904913 0.1953415 0.1913935 0.1894737 0.1945374 0.1779352 0.1805648 0.1804948 0.1842144 0.1833365 0.1826575 0.1899600 0.1944276 0.1797118 0.1675944 0.1805173 0.1803113 0.1804915 0.1804915 0.1819202 0.2966298 0.2954737 0.2979820 0.2977866 0.2977866 0.2977866 0.2990715 0.2990142 0.2942720 0.2966763 0.1841014 0.2185226 0.2207124 0.1686428 0.1668611 0.1615590 0.1767498 0.1735028 0.1921358 0.1911420 0.1921358 0.1848094 0.1886545 0.2158734 0.1894737 0.1358474 0.1400452 0.1408694 0.1408694 0.2443468 0.2240358 0.2211053 0.2002970 0.1942891 0.1790783 0.1788037 0.1805166 0.1649073 0.1613624 0.2224415 0.2205727 0.2163763 0.2249471 0.2136866 0.2136866 0.0026498 0.0026505 0.0026504 0.0030947 0.0030982 0.0048847 0.0022059 0.0030943 0.1954810 0.1948974 0.1954518 0.1943516 0.1964900 0.1965436 0.1948491 0.1948491 0.1886899 0.1974963 0.1804948 0.1813745 0.1823526 0.1831610 0.1831610 0.1840494 0.1780894 0.1780894 0.1790783 
H5N8.EPI_ISL_732939.Galliformes.japan.16.2020-12-13             0.2169785 0.0017629 0.0022057 0.0013203 0.0000000 0.0030948 0.0026494 0.1933947 0.1935182 0.1849200 0.2179128 0.2195100 0.0026500 0.1967739 0.1815155 0.1992447 0.1812678 0.1440964 0.2203773 0.2220557 0.0026498 0.0022059 0.1839385 0.1829520 0.2175690 0.0022056 0.0017626 0.0151391 0.2185226 0.2194774 0.0044353 0.1730480 0.1932570 0.2156326 0.2203569 0.1880200 0.1880200 0.2378435 0.2175690 0.1932526 0.1950256 0.1929132 0.0022060 0.1968969 0.1945374 0.1983014 0.1928192 0.1923469 0.1754849 0.1923469 0.1958325 0.1908754 0.1923469 0.1915013 0.1440964 0.1455309 0.1424918 0.1994236 0.2001611 0.1823422 0.2012089 0.2000660 0.2000660 0.1806218 0.1933190 0.1919785 0.1771556 0.1994236 0.1954553 0.1911046 0.1976554 0.1943067 0.2003505 0.2003505 0.2185551 0.2149263 0.2177068 0.2163962 0.1952770 0.2150300 0.2238313 0.1781838 0.1877446 0.1876521 0.0026498 0.2175690 0.2138255 0.2177068 0.2181513 0.2243266 0.1677142 0.2003505 0.2004434 0.2181513 0.1936551 0.2243266 0.2013899 0.1914772 0.1985269 0.1926029 0.1911420 0.1901506 0.1826523 0.1787805 0.1804845 0.1805804 0.1911420 0.1416528 0.2156005 0.1958552 0.1744069 0.1897798 0.1900655 0.1900655 0.1822007 0.1864314 0.1758944 0.2012494 0.1831989 0.1822191 0.1812120 0.1826383 0.1849849 0.1190806 0.1894737 0.1943067 0.1903740 0.1884586 0.1935037 0.1769875 0.1796062 0.1795367 0.1832422 0.1823714 0.1816976 0.1889785 0.1933947 0.1787549 0.1666683 0.1795581 0.1793487 0.1795324 0.1795324 0.1809399 0.2966298 0.2954737 0.2979820 0.2977866 0.2977866 0.2977866 0.2990715 0.2990142 0.2942720 0.2966763 0.1831080 0.2174313 0.2196163 0.1677142 0.1659368 0.1606535 0.1757795 0.1725435 0.1911420 0.1901506 0.1911420 0.1838370 0.1876665 0.2147907 0.1884586 0.1358474 0.1400452 0.1408694 0.1408694 0.2431904 0.2229377 0.2200122 0.1992447 0.1932570 0.1781050 0.1778323 0.1795420 0.1639886 0.1604528 0.2213383 0.2194774 0.2152958 0.2238313 0.2126101 0.2126101 0.0022056 0.0022062 0.0022060 0.0026494 0.0026525 0.0044353 0.0017626 0.0026491 0.1944453 0.1938605 0.1944163 0.1933190 0.1954518 0.1954992 0.1938185 0.1938185 0.1876760 0.1964498 0.1795367 0.1804146 0.1813901 0.1821813 0.1821813 0.1830622 0.1771188 0.1771188 0.1781050 
H5N8.EPI_ISL_732943.Galliformes.japan.16.2020-12-12             0.2161860 0.0030953 0.0035408 0.0035411 0.0030948 0.0000000 0.0004387 0.1926210 0.1927440 0.1821792 0.2171117 0.2187138 0.0030943 0.1959955 0.1825208 0.1984623 0.1822713 0.1449828 0.2195764 0.2212521 0.0030942 0.0026494 0.1812041 0.1802238 0.2167736 0.0026490 0.0022052 0.0165730 0.2177269 0.2186813 0.0057849 0.1742428 0.1924838 0.2148381 0.2195560 0.1872531 0.1872531 0.2434166 0.2167736 0.1924795 0.1942479 0.1921421 0.0026495 0.1961181 0.1937623 0.1975195 0.1920486 0.1915742 0.1747424 0.1915742 0.1950548 0.1901062 0.1915742 0.1907289 0.1449828 0.1464304 0.1433737 0.2023199 0.1993828 0.1833491 0.2004297 0.1992880 0.1992880 0.1798931 0.1925456 0.1912114 0.1754350 0.2023199 0.1946796 0.1903379 0.1968737 0.1935325 0.2032511 0.2032511 0.2177593 0.2141349 0.2169110 0.2156065 0.1984266 0.2142383 0.2230241 0.1811558 0.1869874 0.1868953 0.0030942 0.2167736 0.2130351 0.2169110 0.2173532 0.2235250 0.1669946 0.2032511 0.2033456 0.2173532 0.1928804 0.2235250 0.2042968 0.1907134 0.2014191 0.1918530 0.1903954 0.1894049 0.1836621 0.1797788 0.1814866 0.1815832 0.1903954 0.1425370 0.2135514 0.1950773 0.1773486 0.1890116 0.1892999 0.1892999 0.1814474 0.1856726 0.1751496 0.2041541 0.1842077 0.1832251 0.1804597 0.1818825 0.1842295 0.1198831 0.1887077 0.1935325 0.1896075 0.1876936 0.1927295 0.1779758 0.1806063 0.1805362 0.1842569 0.1833785 0.1826992 0.1900037 0.1926210 0.1797530 0.1678165 0.1788267 0.1786144 0.1788011 0.1788011 0.1801937 0.2943482 0.2931934 0.2956986 0.2955038 0.2955038 0.2955038 0.2967771 0.2967204 0.2919932 0.2943945 0.1823541 0.2166364 0.2188198 0.1669946 0.1652188 0.1599448 0.1769927 0.1737394 0.1903954 0.1894049 0.1903954 0.1830996 0.1869210 0.2139998 0.1876936 0.1367088 0.1409201 0.1417468 0.1417468 0.2476320 0.2271667 0.2242238 0.1984623 0.1924838 0.1773614 0.1808121 0.1825321 0.1632729 0.1597407 0.2205380 0.2186813 0.2145070 0.2230241 0.2118218 0.2118218 0.0026490 0.0026497 0.0026495 0.0004387 0.0039918 0.0057849 0.0030948 0.0030933 0.1936706 0.1930843 0.1936417 0.1925456 0.1946763 0.1947190 0.1930470 0.1930470 0.1869111 0.1956691 0.1805362 0.1814161 0.1823944 0.1814368 0.1814368 0.1823128 0.1763763 0.1763763 0.1773614 
H5N8.EPI_ISL_732946.Galliformes.japan.16.2020-12-12             0.2172727 0.0026498 0.0030943 0.0030947 0.0026494 0.0004387 0.0000000 0.1936530 0.1937769 0.1831647 0.2182123 0.2198085 0.0026490 0.1970381 0.1834868 0.1995136 0.1832355 0.1458398 0.2206783 0.2223600 0.0026488 0.0022051 0.1821870 0.1812041 0.2178649 0.0022047 0.0017620 0.0160913 0.2188198 0.2197758 0.0053333 0.1732680 0.1935149 0.2159260 0.2206578 0.1882691 0.1882691 0.2422371 0.2178649 0.1935105 0.1952873 0.1931700 0.0022052 0.1971615 0.1947976 0.1985688 0.1930758 0.1926035 0.1757098 0.1926035 0.1960953 0.1911290 0.1926035 0.1917567 0.1458398 0.1472999 0.1442266 0.2033456 0.2004297 0.1843165 0.2014790 0.2003343 0.2003343 0.1808491 0.1935772 0.1922328 0.1764083 0.2033456 0.1957169 0.1913577 0.1979219 0.1945664 0.2042786 0.2042786 0.2188524 0.2152176 0.2180030 0.2166886 0.1973778 0.2153215 0.2241391 0.1801659 0.1879902 0.1878974 0.0026488 0.2178649 0.2141152 0.2180030 0.2184490 0.2246327 0.1679222 0.2042786 0.2043737 0.2184490 0.1939141 0.2246327 0.2053267 0.1917298 0.2024433 0.1928523 0.1913884 0.1903954 0.1846323 0.1807385 0.1824497 0.1825470 0.1913884 0.1433923 0.2147220 0.1961181 0.1763687 0.1900317 0.1903168 0.1903168 0.1824378 0.1866758 0.1761206 0.2051832 0.1851768 0.1841918 0.1814474 0.1828767 0.1852263 0.1206626 0.1897244 0.1945664 0.1906260 0.1887077 0.1937623 0.1789262 0.1815675 0.1814969 0.1852318 0.1843463 0.1836617 0.1909878 0.1936530 0.1807126 0.1668747 0.1797850 0.1795761 0.1797592 0.1797592 0.1811731 0.2956986 0.2945428 0.2970503 0.2968551 0.2968551 0.2968551 0.2981355 0.2980784 0.2933415 0.2957450 0.1833465 0.2177269 0.2199151 0.1679222 0.1661420 0.1608492 0.1760051 0.1727633 0.1913884 0.1903954 0.1913884 0.1840711 0.1879081 0.2150817 0.1887077 0.1375428 0.1417666 0.1425956 0.1425956 0.2464474 0.2260420 0.2231032 0.1995136 0.1935149 0.1783337 0.1798195 0.1815361 0.1641906 0.1606492 0.2216405 0.2197758 0.2155867 0.2241391 0.2128975 0.2128975 0.0022047 0.0022053 0.0022052 0.0000010 0.0035439 0.0053333 0.0026494 0.0026481 0.1947053 0.1941203 0.1946763 0.1935772 0.1957134 0.1957624 0.1940767 0.1940767 0.1879240 0.1967145 0.1814969 0.1823787 0.1833595 0.1824156 0.1824156 0.1832991 0.1773459 0.1773459 0.1783337 
H5N8.EPI_ISL_1041131.Galliformes.japan.1.2021-02-10             0.0686057 0.1934410 0.1943533 0.1944276 0.1933947 0.1926210 0.1936530 0.0000000 0.0000010 0.0490477 0.0689405 0.0699269 0.1937623 0.0022077 0.0829136 0.0039932 0.0841851 0.2511367 0.0707159 0.0714473 0.1974663 0.1944276 0.0490690 0.0485004 0.0687101 0.1945664 0.1936241 0.2032602 0.0693135 0.0699180 0.1973905 0.1020605 0.0017620 0.0674985 0.0700744 0.0040000 0.0040000 0.2317405 0.0687101 0.0058067 0.0026530 0.0058023 0.1946763 0.0013218 0.0030948 0.0022099 0.0067067 0.0013203 0.0390681 0.0013203 0.0008802 0.0026516 0.0017624 0.0053583 0.2511367 0.2545573 0.2467527 0.1411721 0.0048804 0.0829408 0.0053304 0.0057809 0.0057809 0.0610502 0.0035466 0.0521602 0.0940600 0.1411721 0.0035405 0.0527349 0.0545659 0.0004387 0.1419697 0.1419697 0.0693223 0.0673731 0.0687381 0.0714311 0.0922681 0.0692362 0.0721987 0.1056130 0.0595480 0.0607364 0.1974663 0.0687101 0.0680001 0.0687381 0.0707000 0.0742993 0.0813849 0.1419697 0.1403083 0.0707000 0.0004391 0.0742993 0.1411153 0.0538203 0.1435492 0.0620728 0.0619730 0.0607806 0.0856635 0.0816399 0.0816293 0.0816596 0.0613842 0.2506182 0.0009416 0.0035447 0.1056634 0.0522692 0.0516094 0.0516094 0.0447262 0.0470093 0.0396597 0.1411721 0.0829301 0.0835982 0.0458508 0.0447809 0.0463833 0.2202166 0.0026547 0.0004387 0.0031001 0.0026547 0.0026495 0.0781748 0.0809912 0.0835777 0.0825791 0.0835453 0.0839038 0.0842151 0.0000010 0.0816293 0.0613118 0.0580995 0.0582713 0.0580923 0.0580923 0.0440041 0.3148221 0.3135789 0.3162775 0.3160660 0.3160660 0.3135275 0.3175339 0.3174673 0.3148221 0.3148736 0.0452755 0.0699515 0.0693418 0.0813849 0.0764809 0.0736843 0.1038702 0.1008059 0.0613842 0.0607806 0.0619730 0.0502002 0.0572928 0.0686057 0.0035483 0.2343425 0.2382629 0.2383830 0.2383830 0.1712951 0.1612373 0.1578907 0.0039932 0.0017620 0.0402105 0.1066348 0.1087145 0.0466888 0.0467478 0.0706868 0.0699180 0.0720170 0.0721987 0.0666868 0.0666868 0.1964260 0.1946876 0.1946763 0.1936530 0.1979890 0.1973905 0.1954810 0.1954810 0.0004387 0.0017643 0.0030940 0.0035466 0.0035402 0.0035477 0.0044481 0.0044481 0.0035502 0.0039952 0.0835777 0.0842217 0.0848992 0.0401597 0.0401597 0.0391936 0.0396633 0.0396633 0.0402105 
H5N8.EPI_ISL_1041137.Anseriformes.japan.1.2021-01-23            0.0686364 0.1935647 0.1944776 0.1945521 0.1935182 0.1927440 0.1937769 0.0000010 0.0000000 0.0490681 0.0689715 0.0699584 0.1938863 0.0022085 0.0822858 0.0039946 0.0835549 0.2500954 0.0707479 0.0714797 0.1975932 0.1945521 0.0490894 0.0485206 0.0687409 0.1946910 0.1937480 0.2033938 0.0693446 0.0699495 0.1975174 0.1021109 0.0017626 0.0675286 0.0701060 0.0040015 0.0040015 0.2318970 0.0687409 0.0058088 0.0026539 0.0058044 0.1948010 0.0013222 0.0030959 0.0022107 0.0067090 0.0013207 0.0390837 0.0013207 0.0008805 0.0026525 0.0017631 0.0053602 0.2500954 0.2535096 0.2457142 0.1403975 0.0048821 0.0823128 0.0053323 0.0057829 0.0057829 0.0610765 0.0035479 0.0521822 0.0941060 0.1403975 0.0035417 0.0527572 0.0545894 0.0004389 0.1411936 0.1411936 0.0693534 0.0674031 0.0687690 0.0714634 0.0923125 0.0692672 0.0722316 0.1056657 0.0595736 0.0607626 0.1975932 0.0687409 0.0680305 0.0687690 0.0707320 0.0743334 0.0814228 0.1411936 0.1395357 0.0707320 0.0004393 0.0743334 0.1403411 0.0538431 0.1427704 0.0620998 0.0619999 0.0608069 0.0850287 0.0810147 0.0810043 0.0810343 0.0614108 0.2495645 0.0009420 0.0035459 0.1057162 0.0522914 0.0516312 0.0516312 0.0447446 0.0470288 0.0396757 0.1403975 0.0823022 0.0829687 0.0458697 0.0447994 0.0464025 0.2192294 0.0026557 0.0004389 0.0031012 0.0026557 0.0026505 0.0775592 0.0803674 0.0829484 0.0819496 0.0829163 0.0832764 0.0835844 0.0000010 0.0810043 0.0613384 0.0581243 0.0582962 0.0581171 0.0581171 0.0440221 0.3136296 0.3123861 0.3150853 0.3148738 0.3148738 0.3123348 0.3163366 0.3162703 0.3136296 0.3136810 0.0452941 0.0699829 0.0693730 0.0814228 0.0765158 0.0737175 0.1039221 0.1008557 0.0614108 0.0608069 0.0619999 0.0502212 0.0573173 0.0686364 0.0035495 0.2345064 0.2384307 0.2385509 0.2385509 0.1704340 0.1613321 0.1570694 0.0039946 0.0017626 0.0402267 0.1066883 0.1087693 0.0467080 0.0467671 0.0707187 0.0699495 0.0720497 0.0722316 0.0667164 0.0667164 0.1965521 0.1948124 0.1948010 0.1937769 0.1981168 0.1975174 0.1956063 0.1956063 0.0004389 0.0017649 0.0030951 0.0035479 0.0035414 0.0035489 0.0044497 0.0044497 0.0035515 0.0039966 0.0829484 0.0835911 0.0842669 0.0401759 0.0401759 0.0392094 0.0396793 0.0396793 0.0402267 
H5N8.EPI_ISL_1041172.Accipitriformes.japan.16.2021-02-10        0.0559906 0.1829709 0.1838468 0.1859117 0.1849200 0.1821792 0.1831647 0.0490477 0.0490681 0.0000000 0.0580107 0.0572165 0.1832646 0.0508266 0.0732663 0.0531381 0.0738425 0.2331417 0.0579268 0.0585935 0.1830382 0.1839146 0.0071543 0.0066990 0.0560703 0.1858266 0.1849200 0.1977401 0.0577878 0.0572094 0.1867511 0.0853431 0.0479212 0.0555025 0.0573280 0.0473232 0.0473232 0.2165460 0.0560703 0.0479246 0.0485875 0.0484333 0.1841422 0.0496951 0.0485235 0.0508911 0.0495254 0.0473730 0.0199170 0.0473730 0.0491244 0.0456593 0.0479385 0.0490777 0.2331417 0.2363048 0.2289957 0.1212837 0.0529953 0.0726513 0.0535755 0.0541472 0.0541472 0.0518396 0.0468282 0.0263846 0.0735222 0.1212837 0.0490771 0.0258909 0.0292370 0.0484911 0.1220319 0.1220319 0.0566463 0.0548338 0.0560916 0.0585821 0.0790428 0.0560118 0.0592785 0.0934109 0.0273106 0.0283216 0.1830382 0.0560703 0.0554201 0.0560916 0.0579156 0.0623903 0.0686308 0.1220319 0.1204828 0.0579156 0.0485438 0.0623903 0.1212385 0.0258566 0.1235160 0.0482288 0.0481578 0.0470463 0.0752283 0.0726811 0.0714052 0.0714301 0.0476070 0.2381866 0.0530671 0.0502710 0.0920599 0.0264331 0.0258930 0.0258930 0.0189476 0.0218909 0.0204290 0.1227647 0.0739157 0.0732755 0.0194356 0.0194559 0.0204019 0.2015249 0.0461465 0.0484911 0.0466906 0.0455872 0.0479562 0.0693932 0.0707969 0.0732590 0.0728762 0.0738710 0.0712439 0.0757907 0.0490477 0.0714052 0.0504229 0.0490333 0.0475299 0.0490274 0.0490274 0.0150548 0.2951185 0.2939240 0.2965155 0.2963139 0.2963139 0.2938762 0.2961995 0.2975761 0.2951185 0.2951665 0.0194307 0.0572349 0.0572312 0.0686308 0.0647170 0.0602877 0.0869606 0.0868330 0.0476070 0.0470463 0.0481578 0.0372061 0.0437826 0.0559906 0.0455872 0.2239372 0.2256785 0.2257898 0.2257898 0.1545539 0.1428971 0.1413224 0.0531381 0.0479212 0.0145761 0.0929408 0.0949105 0.0387401 0.0392998 0.0579046 0.0572094 0.0579808 0.0592785 0.0525257 0.0525257 0.1840418 0.1841528 0.1841422 0.1831647 0.1872892 0.1867511 0.1849200 0.1849200 0.0496207 0.0480015 0.0485059 0.0468282 0.0490746 0.0492074 0.0484309 0.0484309 0.0450673 0.0497675 0.0732590 0.0738728 0.0745144 0.0155012 0.0155012 0.0155434 0.0150504 0.0150504 0.0145761 
H5N8.EPI_ISL_1041176.Strigiformes.japan.10.2021-02-16           0.0040036 0.2179658 0.2189278 0.2190142 0.2179128 0.2171117 0.2182123 0.0689405 0.0689715 0.0580107 0.0000000 0.0031036 0.2183392 0.0709516 0.0988666 0.0735263 0.0994940 0.2623146 0.0035562 0.0049103 0.2222420 0.2190142 0.0579957 0.0585971 0.0031051 0.2211349 0.2201376 0.2308995 0.0048972 0.0044474 0.2182326 0.1102248 0.0676914 0.0035593 0.0031078 0.0670091 0.0670091 0.2548079 0.0022125 0.0658852 0.0684793 0.0645916 0.2193019 0.0696982 0.0683789 0.0710524 0.0645711 0.0670895 0.0529449 0.0670895 0.0690615 0.0675824 0.0677190 0.0677178 0.2623146 0.2649488 0.2578078 0.1405510 0.0733028 0.0961362 0.0739493 0.0745812 0.0745812 0.0715066 0.0677045 0.0658150 0.1120954 0.1405510 0.0702102 0.0652258 0.0685734 0.0683270 0.1413636 0.1413636 0.0044578 0.0031072 0.0040090 0.0058290 0.0575220 0.0044537 0.0035560 0.1177502 0.0665397 0.0677718 0.2222420 0.0040079 0.0035553 0.0040090 0.0026552 0.0104556 0.0959151 0.1397603 0.1396715 0.0026552 0.0684060 0.0104556 0.1388943 0.0657588 0.1405510 0.0769360 0.0755533 0.0755215 0.1011123 0.0982194 0.0967663 0.0968053 0.0761716 0.2695566 0.0750079 0.0703410 0.1162364 0.0635569 0.0640303 0.0640303 0.0566563 0.0602795 0.0536035 0.1421573 0.1009767 0.1002442 0.0584648 0.0567310 0.0584191 0.2323513 0.0656767 0.0683270 0.0662736 0.0650549 0.0677472 0.0916886 0.0960847 0.0988527 0.0971598 0.0995414 0.0964345 0.0961897 0.0689405 0.0967663 0.0680643 0.0714157 0.0716177 0.0714066 0.0714066 0.0527055 0.3237989 0.3225570 0.3252524 0.3250412 0.3250412 0.3225051 0.3250532 0.3264795 0.3237989 0.3238510 0.0572399 0.0031043 0.0031041 0.0959151 0.0886446 0.0861708 0.1121531 0.1082672 0.0761716 0.0755215 0.0755533 0.0629515 0.0724347 0.0040036 0.0663048 0.2473912 0.2514852 0.2516128 0.2516128 0.1959494 0.1818730 0.1800959 0.0735263 0.0676914 0.0529038 0.1172900 0.1194721 0.0604006 0.0592731 0.0035553 0.0044474 0.0062819 0.0035560 0.0076363 0.0076363 0.2211349 0.2193143 0.2193019 0.2182123 0.2209060 0.2182326 0.2201376 0.2201376 0.0695799 0.0678182 0.0695710 0.0677045 0.0689317 0.0704199 0.0682313 0.0682313 0.0657409 0.0710405 0.0988527 0.0995406 0.1002710 0.0539311 0.0539311 0.0552993 0.0523169 0.0523169 0.0529038 
H5N8.EPI_ISL_1041177.Falconiformes.japan.10.2021-02-15          0.0026541 0.2195629 0.2205190 0.2206054 0.2195100 0.2187138 0.2198085 0.0699269 0.0699584 0.0572165 0.0031036 0.0000000 0.2199354 0.0719404 0.0984019 0.0745160 0.0990255 0.2654531 0.0022102 0.0035503 0.2215958 0.2206054 0.0572018 0.0577988 0.0017644 0.2227170 0.2217237 0.2324560 0.0035416 0.0030957 0.2198288 0.1096746 0.0686775 0.0022121 0.0017659 0.0679939 0.0679939 0.2527967 0.0008801 0.0668714 0.0694681 0.0662030 0.2208931 0.0706868 0.0693661 0.0720426 0.0661820 0.0680757 0.0527459 0.0680757 0.0700498 0.0685667 0.0687055 0.0687042 0.2654531 0.2681078 0.2609357 0.1397456 0.0742892 0.0956892 0.0749359 0.0755678 0.0755678 0.0712124 0.0686907 0.0655496 0.1123041 0.1397456 0.0711971 0.0649634 0.0682895 0.0693135 0.1405513 0.1405513 0.0031029 0.0017656 0.0026576 0.0044571 0.0573012 0.0031001 0.0031078 0.1171445 0.0662726 0.0681253 0.2215958 0.0026569 0.0022096 0.0026576 0.0022100 0.0090382 0.0954674 0.1389613 0.1388737 0.0022100 0.0693935 0.0090382 0.1381029 0.0660971 0.1397456 0.0766097 0.0752353 0.0752039 0.1006319 0.0977587 0.0963154 0.0963540 0.0758502 0.2727550 0.0753938 0.0713300 0.1156419 0.0633026 0.0637741 0.0637741 0.0564385 0.0600433 0.0534011 0.1413385 0.1004978 0.0997703 0.0582379 0.0565125 0.0581925 0.2315753 0.0666596 0.0693135 0.0672564 0.0660374 0.0687341 0.0912719 0.0956383 0.0983882 0.0967045 0.0990722 0.0959874 0.0957420 0.0699269 0.0963154 0.0677877 0.0711224 0.0713225 0.0711134 0.0711134 0.0530918 0.3248481 0.3236057 0.3263022 0.3260909 0.3260909 0.3235537 0.3261077 0.3275344 0.3248481 0.3249003 0.0570192 0.0017639 0.0017638 0.0954674 0.0882455 0.0857892 0.1115864 0.1077297 0.0758502 0.0752039 0.0752353 0.0627029 0.0721342 0.0026541 0.0672881 0.2464820 0.2505345 0.2506607 0.2506607 0.1966809 0.1826604 0.1808919 0.0745160 0.0686775 0.0527052 0.1166860 0.1188523 0.0601656 0.0590437 0.0022096 0.0030957 0.0049063 0.0031078 0.0062523 0.0062523 0.2227170 0.2209055 0.2208931 0.2198085 0.2224954 0.2198288 0.2217237 0.2217237 0.0705666 0.0688061 0.0705576 0.0686907 0.0699180 0.0714100 0.0692162 0.0692162 0.0667247 0.0720305 0.0983882 0.0990715 0.0997969 0.0537281 0.0537281 0.0550889 0.0521211 0.0521211 0.0527052 
H5N8.EPI_ISL_1184517.Accipitriformes.japan.16.2021-02-24        0.2173978 0.0026504 0.0030950 0.0030953 0.0026500 0.0030943 0.0026490 0.1937623 0.1938863 0.1832646 0.2183392 0.2199354 0.0000000 0.1971500 0.1835848 0.1996275 0.1833332 0.1457605 0.2208063 0.2224895 0.0026494 0.0022056 0.1822862 0.1813026 0.2179907 0.0022052 0.0017624 0.0151363 0.2189462 0.2199027 0.0053345 0.1731654 0.1936241 0.2160507 0.2207858 0.1883744 0.1883744 0.2400483 0.2179907 0.1936196 0.1953981 0.1932787 0.0004387 0.1972736 0.1949078 0.1986821 0.1931843 0.1927120 0.1758045 0.1927120 0.1962066 0.1912362 0.1927120 0.1918647 0.1457605 0.1472187 0.1441484 0.2013899 0.2005435 0.1844150 0.2015936 0.2004480 0.2004480 0.1826767 0.1936864 0.1941810 0.1800443 0.2013899 0.1958277 0.1933030 0.1980348 0.1946763 0.2023199 0.2023199 0.2189788 0.2153414 0.2181290 0.2168129 0.1935788 0.2154454 0.2242700 0.1802630 0.1917199 0.1916249 0.0026494 0.2179907 0.2142383 0.2181290 0.2185755 0.2247629 0.1697009 0.2023199 0.2024139 0.2185755 0.1940237 0.2247629 0.2033637 0.1936683 0.2004903 0.1927360 0.1912735 0.1902813 0.1847312 0.1808346 0.1825470 0.1826443 0.1912735 0.1433143 0.2148557 0.1962294 0.1764631 0.1901381 0.1904231 0.1904231 0.1825378 0.1867790 0.1762159 0.2032217 0.1852758 0.1842901 0.1815467 0.1829773 0.1853283 0.1206020 0.1898303 0.1946763 0.1907326 0.1888129 0.1938717 0.1790206 0.1816642 0.1815935 0.1853314 0.1844448 0.1818199 0.1910908 0.1937623 0.1808087 0.1650983 0.1816173 0.1796720 0.1815913 0.1815913 0.1812714 0.2982380 0.2970805 0.2995919 0.2993962 0.2993962 0.2993962 0.3006897 0.3006319 0.2958772 0.2982847 0.1834471 0.2178526 0.2200421 0.1697009 0.1679133 0.1625867 0.1758999 0.1726609 0.1912735 0.1902813 0.1912735 0.1841699 0.1880102 0.2152054 0.1888129 0.1374695 0.1416902 0.1425186 0.1425186 0.2442501 0.2239483 0.2210190 0.1996275 0.1936241 0.1784300 0.1779540 0.1796650 0.1642753 0.1607314 0.2217690 0.2199027 0.2157103 0.2242700 0.2130196 0.2130196 0.0022052 0.0022058 0.0004387 0.0026490 0.0035447 0.0053345 0.0026500 0.0026487 0.1948153 0.1942302 0.1947863 0.1936864 0.1958242 0.1958739 0.1941859 0.1941859 0.1880287 0.1968266 0.1815935 0.1824758 0.1834573 0.1825144 0.1825144 0.1833991 0.1774415 0.1774415 0.1784300 
H5N8.EPI_ISL_5260461.Anseriformes.china.1.2021-02-22            0.0706031 0.1968212 0.1977414 0.1978175 0.1967739 0.1959955 0.1970381 0.0022077 0.0022085 0.0508266 0.0709516 0.0719404 0.1971500 0.0000000 0.0850530 0.0053483 0.0863367 0.2515594 0.0727428 0.0734851 0.2008862 0.1978175 0.0508489 0.0502745 0.0707117 0.1979594 0.1970087 0.2067866 0.0713209 0.0719312 0.2008086 0.1022160 0.0030974 0.0694882 0.0720940 0.0053587 0.0053587 0.2378052 0.0707117 0.0071800 0.0039974 0.0071745 0.1980719 0.0026555 0.0044412 0.0035518 0.0080855 0.0026524 0.0407482 0.0026524 0.0022104 0.0039954 0.0030982 0.0067291 0.2515594 0.2549937 0.2471602 0.1440392 0.0062395 0.0850810 0.0066943 0.0071485 0.0071485 0.0629433 0.0048987 0.0537998 0.0949214 0.1440392 0.0048902 0.0543777 0.0575992 0.0017644 0.1448454 0.1448454 0.0713300 0.0693578 0.0707409 0.0734680 0.0945254 0.0712405 0.0742478 0.1057768 0.0614344 0.0626348 0.2008862 0.0707117 0.0699916 0.0707409 0.0727260 0.0763768 0.0835195 0.1448454 0.1431647 0.0727260 0.0017661 0.0763768 0.1439806 0.0568016 0.1464416 0.0627619 0.0626605 0.0614627 0.0878351 0.0837664 0.0837555 0.0837870 0.0620691 0.2510442 0.0028417 0.0048959 0.1058275 0.0552383 0.0545638 0.0545638 0.0464687 0.0498925 0.0413479 0.1440392 0.0837191 0.0843905 0.0476048 0.0465263 0.0481415 0.2205301 0.0040001 0.0017644 0.0044487 0.0040001 0.0039923 0.0802584 0.0831109 0.0857241 0.0847235 0.0856907 0.0860450 0.0863685 0.0022077 0.0837555 0.0632158 0.0599627 0.0601420 0.0599553 0.0599553 0.0457328 0.3200361 0.3187848 0.3215010 0.3212881 0.3212881 0.3187327 0.3227897 0.3227213 0.3200361 0.3200884 0.0481298 0.0719660 0.0713504 0.0835195 0.0785527 0.0757191 0.1040307 0.1009588 0.0620691 0.0614627 0.0626605 0.0519912 0.0591604 0.0706031 0.0049010 0.2358919 0.2398372 0.2399584 0.2399584 0.1746204 0.1643857 0.1610034 0.0053483 0.0030974 0.0419042 0.1068015 0.1088860 0.0484401 0.0496106 0.0727124 0.0719312 0.0740588 0.0742478 0.0686621 0.0686621 0.1998354 0.1980834 0.1980719 0.1970381 0.2014246 0.2008086 0.1988819 0.1988819 0.0026526 0.0031014 0.0044400 0.0048987 0.0048898 0.0049001 0.0058101 0.0058101 0.0049037 0.0053511 0.0857241 0.0863747 0.0870598 0.0418508 0.0418508 0.0408805 0.0413515 0.0413515 0.0419042 
H5N1.EPI_ISL_6829533.Galliformes.japan.22.2021-11-12            0.0968858 0.1815572 0.1806764 0.1824789 0.1815155 0.1825208 0.1834868 0.0829136 0.0822858 0.0732663 0.0988666 0.0984019 0.1835848 0.0850530 0.0000000 0.0838902 0.0057746 0.2344236 0.0979238 0.0987886 0.1833627 0.1824789 0.0745212 0.0738845 0.0970521 0.1826024 0.1817192 0.1914691 0.0977198 0.0970392 0.1852493 0.0786027 0.0816026 0.0963857 0.0968787 0.0776766 0.0776766 0.2027309 0.0970521 0.0803428 0.0824663 0.0808877 0.1844448 0.0837388 0.0823387 0.0851805 0.0821252 0.0809751 0.0648594 0.0809751 0.0830676 0.0789460 0.0816377 0.0803704 0.2344236 0.2395700 0.2323383 0.1135427 0.0861880 0.0030904 0.0868650 0.0861614 0.0861614 0.0689146 0.0803549 0.0774847 0.1185534 0.1135427 0.0842491 0.0768780 0.0773035 0.0822725 0.1142617 0.1142617 0.0977328 0.0955065 0.0956696 0.0991585 0.0837712 0.0954559 0.0989852 0.0836014 0.0817854 0.0830885 0.1833627 0.0970521 0.0962139 0.0970969 0.0993380 0.1025042 0.0533556 0.1142617 0.1127767 0.0993380 0.0815682 0.1025042 0.1149256 0.0792881 0.1142617 0.0812098 0.0810670 0.0797904 0.0062306 0.0039822 0.0022024 0.0022029 0.0804397 0.2370740 0.0903849 0.0844164 0.0823075 0.0742863 0.0744089 0.0744089 0.0679578 0.0705143 0.0655668 0.1135427 0.0066981 0.0062426 0.0685852 0.0680519 0.0697838 0.1991878 0.0794514 0.0822725 0.0800736 0.0787970 0.0816737 0.0089807 0.0017601 0.0044278 0.0039915 0.0004387 0.0145676 0.0136585 0.0829136 0.0022024 0.0486858 0.0676479 0.0672864 0.0676396 0.0676396 0.0694440 0.2832625 0.2821024 0.2818801 0.2844233 0.2844233 0.2820569 0.2856525 0.2855985 0.2832625 0.2833081 0.0685616 0.0970911 0.0984345 0.0533556 0.0486464 0.0457536 0.0801488 0.0768435 0.0804397 0.0797904 0.0810670 0.0672238 0.0760746 0.0968858 0.0801133 0.2259069 0.2256672 0.2277354 0.2277354 0.1551266 0.1396415 0.1356874 0.0838902 0.0816026 0.0682525 0.0817993 0.0850237 0.0478273 0.0478560 0.0993206 0.0970392 0.0984345 0.0989852 0.0940730 0.0940730 0.1843463 0.1827102 0.1844448 0.1834868 0.1857701 0.1852493 0.1834606 0.1817192 0.0835874 0.0817638 0.0835766 0.0803549 0.0842464 0.0845151 0.0821500 0.0821500 0.0795315 0.0838788 0.0044278 0.0048756 0.0053255 0.0662720 0.0662720 0.0677498 0.0676292 0.0676292 0.0682525 
H5N8.EPI_ISL_6829536.Galliformes.japan.1.2021-11-14             0.0731607 0.1992928 0.2002194 0.2002970 0.1992447 0.1984623 0.1995136 0.0039932 0.0039946 0.0531381 0.0735263 0.0745160 0.1996275 0.0053483 0.0838902 0.0000000 0.0851713 0.2616630 0.0753340 0.0760891 0.2033901 0.2002970 0.0531616 0.0525807 0.0732745 0.2004413 0.1994837 0.2074334 0.0738899 0.0745064 0.2033111 0.1031164 0.0048909 0.0720383 0.0746773 0.0071804 0.0071804 0.2394674 0.0732745 0.0090198 0.0058032 0.0090128 0.2005558 0.0044473 0.0062488 0.0053545 0.0099316 0.0044421 0.0429476 0.0044421 0.0039979 0.0058000 0.0048922 0.0085661 0.2616630 0.2639048 0.2572022 0.1442428 0.0080630 0.0839179 0.0085214 0.0089798 0.0089798 0.0653807 0.0067141 0.0574919 0.0992620 0.1442428 0.0067020 0.0580813 0.0600266 0.0035458 0.1450507 0.1450507 0.0738993 0.0719014 0.0733052 0.0760709 0.0966942 0.0738056 0.0768647 0.1066948 0.0638662 0.0650799 0.2033901 0.0732745 0.0725428 0.0733052 0.0753162 0.0790258 0.0836396 0.1450507 0.1433663 0.0753162 0.0035492 0.0790258 0.1441839 0.0591870 0.1466504 0.0664570 0.0663474 0.0651296 0.0866636 0.0826066 0.0825959 0.0826268 0.0657467 0.2599793 0.0047606 0.0067102 0.1067461 0.0564587 0.0569290 0.0569290 0.0487405 0.0522033 0.0435568 0.1442428 0.0826268 0.0832971 0.0498896 0.0488016 0.0504308 0.2287009 0.0058072 0.0035458 0.0062598 0.0058072 0.0057945 0.0791114 0.0819528 0.0845596 0.0835569 0.0845267 0.0848844 0.0852023 0.0039932 0.0825959 0.0644796 0.0623671 0.0625559 0.0623594 0.0623594 0.0479876 0.3223459 0.3210991 0.3238053 0.3235932 0.3235932 0.3210470 0.3250998 0.3250311 0.3223459 0.3223981 0.0504183 0.0745429 0.0739208 0.0836396 0.0786624 0.0758231 0.1049433 0.1018531 0.0657467 0.0651296 0.0663474 0.0543163 0.0615722 0.0731607 0.0067173 0.2430735 0.2470911 0.2472157 0.2472157 0.1739295 0.1637073 0.1603248 0.0000010 0.0048909 0.0441195 0.1077277 0.1098223 0.0507196 0.0519049 0.0753022 0.0745064 0.0766667 0.0768647 0.0711950 0.0711950 0.2023306 0.2005674 0.2005558 0.1995136 0.2039405 0.2033111 0.2013702 0.2013702 0.0044424 0.0048972 0.0062471 0.0067141 0.0067015 0.0067161 0.0076355 0.0076355 0.0067211 0.0071714 0.0845596 0.0852087 0.0858918 0.0440626 0.0440626 0.0430886 0.0435605 0.0435605 0.0441195 
H5N1.EPI_ISL_6959593.Galliformes.south_korea.22.2021-11-08      0.0975064 0.1813094 0.1821640 0.1822295 0.1812678 0.1822713 0.1832355 0.0841851 0.0835549 0.0738425 0.0994940 0.0990255 0.1833332 0.0863367 0.0057746 0.0851713 0.0000000 0.2350558 0.0999937 0.1008687 0.1831118 0.1822295 0.0750993 0.0744616 0.0976741 0.1823526 0.1814710 0.1912003 0.0983426 0.0976612 0.1832513 0.0818256 0.0828682 0.0970069 0.0974993 0.0789237 0.0789237 0.2074413 0.0976741 0.0816034 0.0837392 0.0821490 0.1841918 0.0850167 0.0836090 0.0864668 0.0833909 0.0822383 0.0642419 0.0822383 0.0843422 0.0801986 0.0829041 0.0816315 0.2350558 0.2402029 0.2329712 0.1127671 0.0874737 0.0053252 0.0881538 0.0874465 0.0874465 0.0707216 0.0816158 0.0780710 0.1177588 0.1127671 0.0855268 0.0774636 0.0785580 0.0835414 0.1134841 0.1134841 0.0983556 0.0961252 0.0962896 0.0997836 0.0843705 0.0960742 0.0996135 0.0868811 0.0823766 0.0836818 0.1831118 0.0976741 0.0968337 0.0977193 0.0999645 0.1031375 0.0516571 0.1134841 0.1120037 0.0999645 0.0828328 0.1031375 0.1141465 0.0798762 0.1134841 0.0817960 0.0816519 0.0803734 0.0030934 0.0053266 0.0044276 0.0044285 0.0810238 0.2377128 0.0917872 0.0856977 0.0842307 0.0748673 0.0749911 0.0749911 0.0685276 0.0710890 0.0649462 0.1127671 0.0089778 0.0085180 0.0691561 0.0686226 0.0703564 0.1998164 0.0807040 0.0835414 0.0813286 0.0800465 0.0829408 0.0103617 0.0039807 0.0013190 0.0062411 0.0062245 0.0159861 0.0150743 0.0841851 0.0044276 0.0492176 0.0694443 0.0678493 0.0694357 0.0694357 0.0700131 0.2831764 0.2820165 0.2817943 0.2843372 0.2843372 0.2819710 0.2855659 0.2855119 0.2831764 0.2832220 0.0691322 0.0977135 0.0990583 0.0516571 0.0480809 0.0451976 0.0834031 0.0800506 0.0810238 0.0803734 0.0816519 0.0677860 0.0766526 0.0975064 0.0813690 0.2265296 0.2262923 0.2283598 0.2283598 0.1516071 0.1363375 0.1324243 0.0851713 0.0828682 0.0688199 0.0850622 0.0883260 0.0483542 0.0483833 0.0999470 0.0976612 0.0990583 0.0996135 0.0946892 0.0946892 0.1840935 0.1824601 0.1841918 0.1832355 0.1855140 0.1832513 0.1832093 0.1814710 0.0848621 0.0830327 0.0848512 0.0816158 0.0855242 0.0857982 0.0834162 0.0834162 0.0807855 0.0851595 0.0013190 0.0017605 0.0022034 0.0668349 0.0668349 0.0683174 0.0681955 0.0681955 0.0688199 
