88
H5N1.EPI_ISL_6959592.Anseriformes.south_korea.22.2021-10-26       0.0000000 0.0007096 0.0307241 0.0322634 0.0265247 0.0273274 0.0314458 0.0669336 0.0043059 0.0669336 0.0298228 0.0324304 0.0332485 0.0332485 0.0281348 0.0273843 0.0281348 0.0366205 0.0315959 0.0289380 0.0305562 0.0322788 0.0331780 0.0289572 0.0306467 0.0014249 0.0057629 0.0057648 0.0014250 0.0043106 0.0021411 0.0014250 0.0043106 0.0007096 0.0000010 0.0007096 0.0050297 0.0282645 0.0007096 0.0057648 0.0289572 0.0340961 0.0337447 0.0320691 0.0304035 0.0320691 0.0296232 0.0337447 0.0290008 0.0298156 0.0057784 0.0050460 0.0257892 0.0241838 0.0257309 0.0257309 0.0257837 0.0265312 0.0265312 0.0265289 0.0608842 0.0601033 0.0007096 0.0014230 0.0234560 0.0234560 0.0242991 0.0242596 0.0242528 0.0242507 0.0242528 0.0316430 0.0349193 0.0349162 0.0349162 0.0265247 0.0273867 0.0007114 0.0014249 0.0257796 0.0282645 0.0265836 0.0265793 0.0007096 0.0028590 0.0258016 0.0257290 0.0273274 
H5N1.EPI_ISL_6829533.Galliformes.japan.22.2021-11-12              0.0007096 0.0000000 0.0315448 0.0330864 0.0273274 0.0281327 0.0322662 0.0659994 0.0050313 0.0659994 0.0306382 0.0332583 0.0340788 0.0340788 0.0289428 0.0281915 0.0289428 0.0374630 0.0324208 0.0297485 0.0313718 0.0331023 0.0340063 0.0297683 0.0314650 0.0021406 0.0064945 0.0064966 0.0021409 0.0050368 0.0028592 0.0021409 0.0050368 0.0014225 0.0007096 0.0014230 0.0057571 0.0290768 0.0014225 0.0064966 0.0297683 0.0349297 0.0345881 0.0329070 0.0312358 0.0329070 0.0304544 0.0345881 0.0298133 0.0306307 0.0065110 0.0057770 0.0265915 0.0249806 0.0265312 0.0265312 0.0265859 0.0273341 0.0273341 0.0273318 0.0599762 0.0591957 0.0014230 0.0021377 0.0242528 0.0242528 0.0251002 0.0250592 0.0250521 0.0250500 0.0250521 0.0324693 0.0357564 0.0357532 0.0357532 0.0273274 0.0281940 0.0014250 0.0021406 0.0265816 0.0290768 0.0273883 0.0273839 0.0000010 0.0035793 0.0266044 0.0265293 0.0281327 
H5N1.EPI_ISL_11211731.Anseriformes.bangladesh.19.2021-12-22       0.0307241 0.0315448 0.0000000 0.0086910 0.0102324 0.0109808 0.0079549 0.0826751 0.0358080 0.0826751 0.0007118 0.0087307 0.0094708 0.0094708 0.0117323 0.0110020 0.0117323 0.0124736 0.0079884 0.0139962 0.0139950 0.0155572 0.0094532 0.0124914 0.0140333 0.0306564 0.0356876 0.0357014 0.0306614 0.0340378 0.0314842 0.0306614 0.0340378 0.0315420 0.0307241 0.0315541 0.0348102 0.0050415 0.0315420 0.0357014 0.0124914 0.0102200 0.0111226 0.0096094 0.0081057 0.0096094 0.0058728 0.0111226 0.0086939 0.0079549 0.0324367 0.0332675 0.0057613 0.0057613 0.0094885 0.0094885 0.0095065 0.0102347 0.0102347 0.0102339 0.0760678 0.0752697 0.0315541 0.0323777 0.0203512 0.0203512 0.0211799 0.0211459 0.0211400 0.0211382 0.0211400 0.0079996 0.0109647 0.0109638 0.0109638 0.0102324 0.0110029 0.0298430 0.0306564 0.0043066 0.0050415 0.0050324 0.0050317 0.0315448 0.0323029 0.0110110 0.0109818 0.0109808 
H5N1.EPI_ISL_11633613.Anseriformes.china.19.2021-12-20            0.0322634 0.0330864 0.0086910 0.0000000 0.0116973 0.0124482 0.0007096 0.0843548 0.0373669 0.0843548 0.0079343 0.0101886 0.0109308 0.0109308 0.0132023 0.0124723 0.0132023 0.0139445 0.0094435 0.0154730 0.0154717 0.0170428 0.0109104 0.0139645 0.0155143 0.0321920 0.0372408 0.0372553 0.0321974 0.0355873 0.0330227 0.0321974 0.0355873 0.0330835 0.0322634 0.0330962 0.0363590 0.0064839 0.0330835 0.0372553 0.0139645 0.0116831 0.0126088 0.0110907 0.0095821 0.0110907 0.0073443 0.0126088 0.0028550 0.0021374 0.0339842 0.0348175 0.0072037 0.0072037 0.0109513 0.0109513 0.0124739 0.0117000 0.0117000 0.0116990 0.0777241 0.0749821 0.0330962 0.0339222 0.0226547 0.0226547 0.0234931 0.0234551 0.0234485 0.0234465 0.0234485 0.0094567 0.0124298 0.0124288 0.0124288 0.0116973 0.0124733 0.0313765 0.0321920 0.0057439 0.0064839 0.0064721 0.0064713 0.0330864 0.0338436 0.0124825 0.0124492 0.0124482 
H5N1.EPI_ISL_14070455.Carnivora.japan.2.2022-04-01                0.0265247 0.0273274 0.0102324 0.0116973 0.0000000 0.0007096 0.0109497 0.0761909 0.0314811 0.0761909 0.0094623 0.0117517 0.0125030 0.0125030 0.0014226 0.0007115 0.0014226 0.0155570 0.0109967 0.0035723 0.0035720 0.0050280 0.0124793 0.0021382 0.0035812 0.0264675 0.0313786 0.0313905 0.0264718 0.0297634 0.0272761 0.0264718 0.0297634 0.0273250 0.0265247 0.0273352 0.0289072 0.0079978 0.0273250 0.0313905 0.0021382 0.0132657 0.0126823 0.0111549 0.0111595 0.0111549 0.0088949 0.0126823 0.0117014 0.0109497 0.0281907 0.0290027 0.0087241 0.0087241 0.0064971 0.0064971 0.0065093 0.0072304 0.0072304 0.0072298 0.0698192 0.0690280 0.0273352 0.0281407 0.0179863 0.0179863 0.0188015 0.0187718 0.0187666 0.0187650 0.0187666 0.0110123 0.0140216 0.0140204 0.0140204 0.0000010 0.0007115 0.0256716 0.0264675 0.0072452 0.0079978 0.0079828 0.0079817 0.0273274 0.0280772 0.0065137 0.0064968 0.0007096 
H5N1.EPI_ISL_14615027.Passeriformes.japan.2.2022-03-14            0.0273274 0.0281327 0.0109808 0.0124482 0.0007096 0.0000000 0.0116983 0.0771735 0.0323026 0.0771735 0.0102064 0.0125063 0.0132598 0.0132598 0.0021373 0.0014251 0.0021373 0.0163242 0.0117486 0.0042934 0.0042931 0.0043034 0.0132345 0.0028553 0.0043040 0.0272683 0.0321971 0.0322093 0.0272727 0.0305770 0.0280797 0.0272727 0.0305770 0.0281302 0.0273274 0.0281407 0.0297167 0.0087388 0.0281302 0.0322093 0.0028553 0.0140253 0.0134502 0.0119179 0.0119228 0.0119179 0.0096518 0.0134502 0.0124525 0.0116983 0.0290005 0.0298153 0.0094661 0.0094661 0.0072304 0.0072304 0.0072440 0.0079660 0.0079660 0.0079654 0.0707729 0.0699813 0.0281407 0.0289489 0.0187666 0.0187666 0.0195861 0.0195549 0.0195496 0.0195479 0.0195496 0.0117653 0.0147834 0.0147821 0.0147821 0.0007096 0.0014253 0.0264698 0.0272683 0.0079824 0.0087388 0.0087223 0.0087211 0.0281327 0.0288834 0.0072489 0.0072300 0.0000010 
H5N1.EPI_ISL_11633709.Anseriformes.china.19.2021-12-20            0.0314458 0.0322662 0.0079549 0.0007096 0.0109497 0.0116983 0.0000000 0.0833540 0.0365303 0.0833540 0.0072015 0.0094467 0.0101868 0.0101868 0.0124500 0.0117209 0.0124500 0.0131907 0.0087040 0.0147139 0.0147127 0.0162769 0.0101678 0.0132095 0.0147530 0.0313765 0.0364074 0.0364216 0.0313817 0.0347587 0.0322043 0.0313817 0.0347587 0.0322634 0.0314458 0.0322757 0.0355295 0.0057551 0.0322634 0.0364216 0.0132095 0.0109365 0.0118491 0.0103356 0.0088316 0.0103356 0.0065991 0.0118491 0.0021381 0.0014229 0.0331594 0.0339900 0.0064739 0.0064739 0.0102058 0.0102058 0.0117224 0.0109522 0.0109522 0.0109513 0.0767527 0.0740169 0.0322757 0.0330991 0.0218653 0.0218653 0.0226995 0.0226630 0.0226566 0.0226547 0.0226566 0.0087162 0.0116811 0.0116801 0.0116801 0.0109497 0.0117218 0.0305634 0.0313765 0.0050185 0.0057551 0.0057446 0.0057439 0.0322662 0.0330227 0.0117304 0.0116993 0.0116983 
H5N1.EPI_ISL_12572653.Galliformes.china.110.2021-12-07            0.0669336 0.0659994 0.0826751 0.0843548 0.0761909 0.0771735 0.0833540 0.0000000 0.0729295 0.0000010 0.0813826 0.0849131 0.0859017 0.0859017 0.0781691 0.0773766 0.0781691 0.0901260 0.0838637 0.0811208 0.0811129 0.0834063 0.0795912 0.0792066 0.0814138 0.0667608 0.0726447 0.0726774 0.0667746 0.0707677 0.0677248 0.0667746 0.0707677 0.0678708 0.0669336 0.0679008 0.0696790 0.0775867 0.0678708 0.0726774 0.0792066 0.0869835 0.0872949 0.0852297 0.0831683 0.0852297 0.0802797 0.0872949 0.0803444 0.0813538 0.0689972 0.0699581 0.0764239 0.0744247 0.0752351 0.0752351 0.0754298 0.0762149 0.0762149 0.0762076 0.0087237 0.0087391 0.0679008 0.0669632 0.0707329 0.0707329 0.0718778 0.0717284 0.0717026 0.0716958 0.0717026 0.0829775 0.0879782 0.0879695 0.0879695 0.0761909 0.0773840 0.0658296 0.0667608 0.0763887 0.0775867 0.0773843 0.0754060 0.0659994 0.0686622 0.0754841 0.0713128 0.0771735 
H5N1.EPI_ISL_12572656.Anseriformes.china.22.2022-02-22            0.0043059 0.0050313 0.0358080 0.0373669 0.0314811 0.0323026 0.0365303 0.0729295 0.0000000 0.0729295 0.0348696 0.0375659 0.0384022 0.0384022 0.0331295 0.0323717 0.0331295 0.0401271 0.0367096 0.0339507 0.0356062 0.0373854 0.0383183 0.0339738 0.0357143 0.0057681 0.0102116 0.0102151 0.0057689 0.0087286 0.0050390 0.0057689 0.0087286 0.0050309 0.0043059 0.0035825 0.0094570 0.0332863 0.0050309 0.0102151 0.0339738 0.0375593 0.0389814 0.0372654 0.0355583 0.0372654 0.0347680 0.0389814 0.0340263 0.0348608 0.0102381 0.0094892 0.0307412 0.0290961 0.0306700 0.0306700 0.0307346 0.0314891 0.0314891 0.0314863 0.0666824 0.0658959 0.0035825 0.0043057 0.0283659 0.0283659 0.0292387 0.0291899 0.0291814 0.0291788 0.0291814 0.0367652 0.0383954 0.0383920 0.0383920 0.0314811 0.0323745 0.0050397 0.0057681 0.0307295 0.0332863 0.0315529 0.0315476 0.0050313 0.0072354 0.0307561 0.0306676 0.0323026 
H5N1.EPI_ISL_12572658.Anseriformes.china.110.2022-01-10           0.0669336 0.0659994 0.0826751 0.0843548 0.0761909 0.0771735 0.0833540 0.0000010 0.0729295 0.0000000 0.0813826 0.0849131 0.0859017 0.0859017 0.0781691 0.0773766 0.0781691 0.0901260 0.0838637 0.0811208 0.0811129 0.0834063 0.0795912 0.0792066 0.0814138 0.0667608 0.0726447 0.0726774 0.0667746 0.0707677 0.0677248 0.0667746 0.0707677 0.0678708 0.0669336 0.0679008 0.0696790 0.0775867 0.0678708 0.0726774 0.0792066 0.0869835 0.0872949 0.0852297 0.0831683 0.0852297 0.0802797 0.0872949 0.0803444 0.0813538 0.0689972 0.0699581 0.0764239 0.0744247 0.0752351 0.0752351 0.0754298 0.0762149 0.0762149 0.0762076 0.0087237 0.0087391 0.0679008 0.0669632 0.0707329 0.0707329 0.0718778 0.0717284 0.0717026 0.0716958 0.0717026 0.0829775 0.0879782 0.0879695 0.0879695 0.0761909 0.0773840 0.0658296 0.0667608 0.0763887 0.0775867 0.0773843 0.0754060 0.0659994 0.0686622 0.0754841 0.0713128 0.0771735 
H5N1.EPI_ISL_14886825.Anseriformes.bangladesh.19.2021-12-19       0.0298228 0.0306382 0.0007118 0.0079343 0.0094623 0.0102064 0.0072015 0.0813826 0.0348696 0.0813826 0.0000000 0.0079703 0.0087064 0.0087064 0.0109535 0.0102259 0.0109535 0.0116912 0.0072325 0.0132042 0.0132031 0.0147540 0.0086903 0.0117078 0.0132390 0.0297574 0.0347541 0.0347675 0.0297623 0.0331147 0.0305797 0.0297623 0.0331147 0.0306355 0.0298228 0.0306471 0.0338837 0.0043041 0.0306355 0.0347675 0.0117078 0.0094510 0.0103377 0.0088333 0.0073373 0.0088333 0.0051179 0.0103377 0.0079370 0.0072015 0.0315224 0.0323477 0.0050211 0.0050211 0.0087225 0.0087225 0.0087390 0.0094644 0.0094644 0.0094637 0.0748369 0.0740418 0.0306471 0.0314655 0.0195128 0.0195128 0.0203346 0.0203023 0.0202967 0.0202949 0.0202967 0.0072426 0.0101915 0.0101906 0.0101906 0.0094623 0.0102268 0.0289492 0.0297574 0.0035746 0.0043041 0.0042963 0.0042958 0.0306382 0.0313933 0.0102343 0.0102073 0.0102064 
H5N1.EPI_ISL_15647836.Anseriformes.south_korea.80.2022-10-10      0.0324304 0.0332583 0.0087307 0.0101886 0.0117517 0.0125063 0.0094467 0.0849131 0.0375659 0.0849131 0.0079703 0.0000000 0.0021387 0.0028557 0.0132641 0.0125306 0.0132641 0.0050247 0.0007107 0.0155463 0.0155450 0.0171243 0.0079571 0.0140302 0.0155880 0.0323582 0.0374392 0.0374539 0.0323636 0.0357754 0.0331938 0.0323636 0.0357754 0.0332554 0.0324304 0.0332682 0.0365516 0.0065141 0.0332554 0.0374539 0.0140302 0.0028571 0.0126684 0.0111428 0.0096267 0.0111428 0.0073782 0.0126684 0.0101921 0.0094467 0.0341619 0.0350013 0.0072372 0.0072372 0.0110020 0.0110020 0.0125323 0.0117544 0.0117544 0.0117534 0.0782209 0.0774203 0.0332682 0.0340991 0.0227670 0.0227670 0.0236102 0.0235718 0.0235652 0.0235631 0.0235652 0.0007117 0.0035761 0.0035758 0.0035758 0.0117517 0.0125317 0.0315378 0.0323582 0.0057691 0.0065141 0.0065019 0.0065010 0.0332583 0.0340196 0.0125409 0.0125074 0.0125063 
H5N1.EPI_ISL_15943002.Anseriformes.south_korea.128.2022-11-17     0.0332485 0.0340788 0.0094708 0.0109308 0.0125030 0.0132598 0.0101868 0.0859017 0.0384022 0.0859017 0.0087064 0.0021387 0.0000000 0.0007106 0.0140199 0.0132857 0.0140199 0.0057500 0.0014232 0.0163086 0.0163072 0.0178932 0.0086919 0.0147886 0.0148189 0.0331742 0.0382722 0.0382873 0.0331798 0.0366039 0.0340126 0.0331798 0.0366039 0.0340758 0.0332485 0.0340890 0.0373809 0.0072475 0.0340758 0.0382873 0.0147886 0.0035761 0.0134318 0.0119017 0.0103813 0.0119017 0.0081270 0.0134318 0.0109346 0.0101868 0.0349879 0.0358290 0.0079715 0.0079715 0.0117513 0.0117513 0.0132874 0.0125059 0.0125059 0.0125048 0.0772132 0.0764130 0.0340890 0.0349224 0.0235585 0.0235585 0.0244059 0.0243660 0.0243591 0.0243570 0.0243591 0.0014252 0.0042969 0.0042965 0.0042965 0.0125030 0.0132868 0.0323515 0.0331742 0.0064999 0.0072475 0.0072339 0.0072329 0.0340788 0.0348407 0.0132966 0.0132609 0.0132598 
H5N1.EPI_ISL_15943015.NA.south_korea.128.2022-11-07               0.0332485 0.0340788 0.0094708 0.0109308 0.0125030 0.0132598 0.0101868 0.0859017 0.0384022 0.0859017 0.0087064 0.0028557 0.0007106 0.0000000 0.0140199 0.0132857 0.0140199 0.0064782 0.0021380 0.0163086 0.0163072 0.0178932 0.0094303 0.0147886 0.0148189 0.0331742 0.0382722 0.0382873 0.0331798 0.0366039 0.0340126 0.0331798 0.0366039 0.0340758 0.0332485 0.0340890 0.0373809 0.0072475 0.0340758 0.0382873 0.0147886 0.0042976 0.0134318 0.0119017 0.0103813 0.0119017 0.0081270 0.0134318 0.0109346 0.0101868 0.0349879 0.0358290 0.0079715 0.0079715 0.0117513 0.0117513 0.0132874 0.0125059 0.0125059 0.0125048 0.0772132 0.0764130 0.0340890 0.0349224 0.0235585 0.0235585 0.0244059 0.0243660 0.0243591 0.0243570 0.0243591 0.0021409 0.0050203 0.0050199 0.0050199 0.0125030 0.0132868 0.0323515 0.0331742 0.0064999 0.0072475 0.0072339 0.0072329 0.0340788 0.0348407 0.0132966 0.0132609 0.0132598 
H5N1.EPI_ISL_14064699.Passeriformes.japan.2.2022-02-07            0.0281348 0.0289428 0.0117323 0.0132023 0.0014226 0.0021373 0.0124500 0.0781691 0.0331295 0.0781691 0.0109535 0.0132641 0.0140199 0.0140199 0.0000000 0.0021411 0.0000010 0.0170950 0.0125038 0.0050170 0.0035725 0.0064849 0.0139931 0.0035748 0.0050294 0.0280737 0.0330208 0.0330335 0.0280783 0.0313957 0.0288881 0.0280783 0.0313957 0.0289402 0.0281348 0.0289511 0.0305311 0.0094827 0.0289402 0.0330335 0.0035748 0.0147883 0.0142214 0.0126842 0.0126894 0.0126842 0.0104118 0.0142214 0.0132068 0.0124500 0.0298153 0.0306328 0.0102111 0.0102111 0.0079665 0.0079665 0.0079814 0.0087044 0.0087044 0.0087037 0.0717381 0.0709462 0.0289511 0.0297620 0.0195509 0.0195509 0.0203746 0.0203421 0.0203364 0.0203347 0.0203364 0.0125216 0.0155486 0.0140224 0.0140224 0.0014226 0.0021413 0.0272727 0.0280737 0.0087223 0.0094827 0.0094648 0.0094634 0.0289428 0.0296943 0.0079869 0.0079660 0.0021373 
H5N1.EPI_ISL_14064890.Passeriformes.japan.2.2022-04-01            0.0273843 0.0281915 0.0110020 0.0124723 0.0007115 0.0014251 0.0117209 0.0773766 0.0323717 0.0773766 0.0102259 0.0125306 0.0132857 0.0132857 0.0021411 0.0000000 0.0021411 0.0163565 0.0117714 0.0043012 0.0043009 0.0057657 0.0132603 0.0028605 0.0043119 0.0273250 0.0322657 0.0322780 0.0273294 0.0306417 0.0281383 0.0273294 0.0306417 0.0281890 0.0273843 0.0281996 0.0297792 0.0087555 0.0281890 0.0322780 0.0028605 0.0140528 0.0134768 0.0119413 0.0119462 0.0119413 0.0096706 0.0134768 0.0124766 0.0117209 0.0290615 0.0298782 0.0094842 0.0094842 0.0072441 0.0072441 0.0072576 0.0079811 0.0079811 0.0079804 0.0709529 0.0701592 0.0281996 0.0290097 0.0188045 0.0188045 0.0196258 0.0195945 0.0195891 0.0195874 0.0195891 0.0117882 0.0148124 0.0148112 0.0148112 0.0007115 0.0014278 0.0265247 0.0273250 0.0079975 0.0087555 0.0087389 0.0087377 0.0281915 0.0289438 0.0072626 0.0072437 0.0014251 
H5N1.EPI_ISL_14065167.Accipitriformes.japan.2.2022-02-10          0.0281348 0.0289428 0.0117323 0.0132023 0.0014226 0.0021373 0.0124500 0.0781691 0.0331295 0.0781691 0.0109535 0.0132641 0.0140199 0.0140199 0.0000010 0.0021411 0.0000000 0.0170950 0.0125038 0.0050170 0.0035725 0.0064849 0.0139931 0.0035748 0.0050294 0.0280737 0.0330208 0.0330335 0.0280783 0.0313957 0.0288881 0.0280783 0.0313957 0.0289402 0.0281348 0.0289511 0.0305311 0.0094827 0.0289402 0.0330335 0.0035748 0.0147883 0.0142214 0.0126842 0.0126894 0.0126842 0.0104118 0.0142214 0.0132068 0.0124500 0.0298153 0.0306328 0.0102111 0.0102111 0.0079665 0.0079665 0.0079814 0.0087044 0.0087044 0.0087037 0.0717381 0.0709462 0.0289511 0.0297620 0.0195509 0.0195509 0.0203746 0.0203421 0.0203364 0.0203347 0.0203364 0.0125216 0.0155486 0.0140224 0.0140224 0.0014226 0.0021413 0.0272727 0.0280737 0.0087223 0.0094827 0.0094648 0.0094634 0.0289428 0.0296943 0.0079869 0.0079660 0.0021373 
H5N1.EPI_ISL_17638141.Galliformes.japan.80.2023-03-27             0.0366205 0.0374630 0.0124736 0.0139445 0.0155570 0.0163242 0.0131907 0.0901260 0.0401271 0.0901260 0.0116912 0.0050247 0.0057500 0.0064782 0.0170950 0.0163565 0.0170950 0.0000000 0.0042992 0.0194146 0.0194129 0.0210291 0.0116714 0.0178758 0.0194676 0.0365373 0.0417162 0.0417329 0.0365437 0.0400255 0.0373888 0.0365437 0.0400255 0.0374596 0.0366205 0.0374743 0.0408074 0.0102188 0.0374596 0.0417329 0.0178758 0.0021394 0.0165369 0.0149859 0.0134446 0.0149859 0.0111628 0.0165369 0.0139494 0.0131907 0.0383920 0.0392456 0.0109475 0.0109475 0.0147956 0.0147956 0.0163587 0.0155606 0.0155606 0.0155593 0.0832695 0.0824677 0.0374743 0.0383198 0.0267996 0.0267996 0.0276656 0.0276196 0.0276117 0.0276092 0.0276117 0.0043051 0.0057492 0.0057487 0.0057487 0.0155570 0.0163579 0.0357021 0.0365373 0.0094553 0.0102188 0.0101994 0.0101979 0.0374630 0.0382287 0.0163700 0.0163256 0.0163242 
H5N1.EPI_ISL_17949987.Anseriformes.japan.80.2022-11-26            0.0315959 0.0324208 0.0079884 0.0094435 0.0109967 0.0117486 0.0087040 0.0838637 0.0367096 0.0838637 0.0072325 0.0007107 0.0014232 0.0021380 0.0125038 0.0117714 0.0125038 0.0042992 0.0000000 0.0147782 0.0147770 0.0163488 0.0072205 0.0132668 0.0148177 0.0315258 0.0365863 0.0366006 0.0315311 0.0349273 0.0323582 0.0315311 0.0349273 0.0324179 0.0315959 0.0324304 0.0357021 0.0057797 0.0324179 0.0366006 0.0132668 0.0021390 0.0119007 0.0103804 0.0088695 0.0103804 0.0066280 0.0119007 0.0094467 0.0087040 0.0333192 0.0341545 0.0065016 0.0065016 0.0102494 0.0102494 0.0117729 0.0109992 0.0109992 0.0109982 0.0772058 0.0764057 0.0324304 0.0332583 0.0219652 0.0219652 0.0228039 0.0227670 0.0227606 0.0227586 0.0227606 0.0000010 0.0028557 0.0028555 0.0028555 0.0109967 0.0117724 0.0307084 0.0315258 0.0050389 0.0057797 0.0057680 0.0057672 0.0324208 0.0331811 0.0117810 0.0117496 0.0117486 
H5N1.EPI_ISL_17950087.Passeriformes.japan.2.2023-03-30            0.0289380 0.0297485 0.0139962 0.0154730 0.0035723 0.0042934 0.0147139 0.0811208 0.0339507 0.0811208 0.0132042 0.0155463 0.0163086 0.0163086 0.0050170 0.0043012 0.0050170 0.0194146 0.0147782 0.0000000 0.0071981 0.0086867 0.0162770 0.0057450 0.0072178 0.0288751 0.0338390 0.0338520 0.0288798 0.0322093 0.0296921 0.0288798 0.0322093 0.0297459 0.0289380 0.0297571 0.0313408 0.0117245 0.0297459 0.0338520 0.0057450 0.0170853 0.0165438 0.0149921 0.0149983 0.0149921 0.0127018 0.0165438 0.0154785 0.0147139 0.0306254 0.0314455 0.0124558 0.0124558 0.0101850 0.0101850 0.0102044 0.0109298 0.0109298 0.0109289 0.0746046 0.0738122 0.0297571 0.0305705 0.0219100 0.0219100 0.0227462 0.0227094 0.0227031 0.0227011 0.0227031 0.0147993 0.0178522 0.0178507 0.0178507 0.0035723 0.0043016 0.0280716 0.0288751 0.0109526 0.0117245 0.0117020 0.0117004 0.0297485 0.0305008 0.0102113 0.0101845 0.0042934 
H5N1.EPI_ISL_16698060.Galliformes.japan.15.2022-11-07             0.0305562 0.0313718 0.0139950 0.0154717 0.0035720 0.0042931 0.0147127 0.0811129 0.0356062 0.0811129 0.0132031 0.0155450 0.0163072 0.0163072 0.0035725 0.0043009 0.0035725 0.0194129 0.0147770 0.0071981 0.0000000 0.0086860 0.0162757 0.0042955 0.0057555 0.0304893 0.0354882 0.0355019 0.0304943 0.0338490 0.0313119 0.0304943 0.0338490 0.0313691 0.0305562 0.0313810 0.0329723 0.0117235 0.0313691 0.0355019 0.0042955 0.0170838 0.0165424 0.0149908 0.0149971 0.0149908 0.0127008 0.0165424 0.0154771 0.0147127 0.0322577 0.0330833 0.0124547 0.0124547 0.0101842 0.0101842 0.0102035 0.0109289 0.0109289 0.0109280 0.0745975 0.0738051 0.0313810 0.0321994 0.0219081 0.0219081 0.0227442 0.0227075 0.0227011 0.0226991 0.0227011 0.0147981 0.0163116 0.0163102 0.0163102 0.0035720 0.0043012 0.0296809 0.0304893 0.0109517 0.0117235 0.0117011 0.0116994 0.0313718 0.0321255 0.0102105 0.0101836 0.0042931 
H5N1.EPI_ISL_16698576.Gruiformes.japan.2.2022-11-20               0.0322788 0.0331023 0.0155572 0.0170428 0.0050280 0.0043034 0.0162769 0.0834063 0.0373854 0.0834063 0.0147540 0.0171243 0.0178932 0.0178932 0.0064849 0.0057657 0.0064849 0.0210291 0.0163488 0.0086867 0.0086860 0.0000000 0.0178582 0.0072210 0.0087090 0.0322074 0.0372591 0.0372736 0.0322127 0.0356046 0.0330385 0.0322127 0.0356046 0.0330994 0.0322788 0.0331121 0.0347163 0.0132643 0.0330994 0.0372736 0.0072210 0.0186777 0.0181526 0.0165866 0.0165935 0.0165866 0.0142778 0.0181526 0.0170488 0.0162769 0.0340007 0.0348344 0.0139995 0.0139995 0.0117049 0.0117049 0.0117273 0.0124563 0.0124563 0.0124552 0.0767991 0.0760035 0.0331121 0.0339385 0.0235593 0.0235593 0.0244067 0.0243668 0.0243599 0.0243578 0.0243599 0.0163723 0.0194512 0.0194496 0.0194496 0.0050280 0.0057662 0.0313914 0.0322074 0.0124824 0.0132643 0.0132387 0.0132368 0.0331023 0.0338598 0.0117353 0.0117042 0.0043034 
H5N1.EPI_ISL_17075759.NA.china.19.2023-02-10                      0.0331780 0.0340063 0.0094532 0.0109104 0.0124793 0.0132345 0.0101678 0.0795912 0.0383183 0.0795912 0.0086903 0.0079571 0.0086919 0.0094303 0.0139931 0.0132603 0.0139931 0.0116714 0.0072205 0.0162770 0.0162757 0.0178582 0.0000000 0.0147602 0.0163207 0.0331041 0.0381890 0.0382040 0.0331096 0.0365249 0.0339403 0.0331096 0.0365249 0.0340033 0.0331780 0.0340164 0.0373001 0.0057664 0.0340033 0.0382040 0.0147602 0.0094352 0.0134059 0.0118789 0.0103615 0.0118789 0.0081117 0.0134059 0.0109141 0.0101678 0.0349120 0.0357518 0.0079568 0.0079568 0.0117291 0.0117291 0.0132621 0.0124821 0.0124821 0.0124811 0.0750181 0.0742210 0.0340164 0.0348478 0.0235108 0.0235108 0.0243561 0.0243164 0.0243096 0.0243075 0.0243096 0.0072306 0.0101744 0.0101735 0.0101735 0.0124793 0.0132614 0.0322834 0.0331041 0.0064871 0.0057664 0.0072206 0.0072196 0.0340063 0.0347665 0.0132712 0.0132357 0.0132345 
H5N1.EPI_ISL_17316965.Passeriformes.japan.15.2023-03-13           0.0289572 0.0297683 0.0124914 0.0139645 0.0021382 0.0028553 0.0132095 0.0792066 0.0339738 0.0792066 0.0117078 0.0140302 0.0147886 0.0147886 0.0035748 0.0028605 0.0035748 0.0178758 0.0132668 0.0057450 0.0042955 0.0072210 0.0147602 0.0000000 0.0014258 0.0288942 0.0338620 0.0338750 0.0288989 0.0322310 0.0297118 0.0288989 0.0322310 0.0297657 0.0289572 0.0297769 0.0313618 0.0102332 0.0297657 0.0338750 0.0000010 0.0155602 0.0150015 0.0134585 0.0134641 0.0134585 0.0111789 0.0150015 0.0139694 0.0132095 0.0306459 0.0314667 0.0094680 0.0109629 0.0087084 0.0087084 0.0087248 0.0094490 0.0094490 0.0094482 0.0727412 0.0719486 0.0297769 0.0305909 0.0203463 0.0203463 0.0211747 0.0211407 0.0211349 0.0211330 0.0211349 0.0132858 0.0147925 0.0163218 0.0163218 0.0021382 0.0028607 0.0280901 0.0288942 0.0094686 0.0102332 0.0102137 0.0102123 0.0297683 0.0305211 0.0087308 0.0087079 0.0028553 
H5N1.EPI_ISL_17317372.Passeriformes.japan.15.2022-12-18           0.0306467 0.0314650 0.0140333 0.0155143 0.0035812 0.0043040 0.0147530 0.0814138 0.0357143 0.0814138 0.0132390 0.0155880 0.0148189 0.0148189 0.0050294 0.0043119 0.0050294 0.0194676 0.0148177 0.0072178 0.0057555 0.0087090 0.0163207 0.0014258 0.0000000 0.0305793 0.0355956 0.0356093 0.0305844 0.0339507 0.0314048 0.0305844 0.0339507 0.0314623 0.0306467 0.0314742 0.0330708 0.0117552 0.0314623 0.0356093 0.0014258 0.0171314 0.0165890 0.0150328 0.0150390 0.0150328 0.0127359 0.0165890 0.0155197 0.0147530 0.0323542 0.0331825 0.0109805 0.0124885 0.0102115 0.0102115 0.0102309 0.0109583 0.0109583 0.0109574 0.0748653 0.0740700 0.0314742 0.0322955 0.0219709 0.0219709 0.0228098 0.0227728 0.0227664 0.0227645 0.0227664 0.0148389 0.0163569 0.0178990 0.0178990 0.0035812 0.0043122 0.0297683 0.0305793 0.0109812 0.0117552 0.0117327 0.0117310 0.0314650 0.0322211 0.0102379 0.0102109 0.0043040 
H5N1.EPI_ISL_17606819.Anseriformes.south_korea.22.2021-11-10      0.0014249 0.0021406 0.0306564 0.0321920 0.0264675 0.0272683 0.0313765 0.0667608 0.0057681 0.0667608 0.0297574 0.0323582 0.0331742 0.0331742 0.0280737 0.0273250 0.0280737 0.0365373 0.0315258 0.0288751 0.0304893 0.0322074 0.0331041 0.0288942 0.0305793 0.0000000 0.0057520 0.0057539 0.0014223 0.0043024 0.0007096 0.0014223 0.0043024 0.0021404 0.0014249 0.0021411 0.0050201 0.0282029 0.0021404 0.0057539 0.0288942 0.0340196 0.0336681 0.0319969 0.0303355 0.0319969 0.0295571 0.0336681 0.0289376 0.0297503 0.0057662 0.0050364 0.0257337 0.0241321 0.0256757 0.0256757 0.0257283 0.0264741 0.0264741 0.0264718 0.0607320 0.0599532 0.0021411 0.0028592 0.0234060 0.0234060 0.0242469 0.0242076 0.0242008 0.0241987 0.0242008 0.0315728 0.0348407 0.0348376 0.0348376 0.0264675 0.0273274 0.0007096 0.0000010 0.0257242 0.0282029 0.0265262 0.0265219 0.0021406 0.0014225 0.0257461 0.0256738 0.0272683 
H5N1.EPI_ISL_17606820.Anseriformes.south_korea.22.2021-11-11      0.0057629 0.0064945 0.0356876 0.0372408 0.0313786 0.0321971 0.0364074 0.0726447 0.0102116 0.0726447 0.0347541 0.0374392 0.0382722 0.0382722 0.0330208 0.0322657 0.0330208 0.0417162 0.0365863 0.0338390 0.0354882 0.0372591 0.0381890 0.0338620 0.0355956 0.0057520 0.0000000 0.0014222 0.0057527 0.0072276 0.0064826 0.0057527 0.0072276 0.0064939 0.0057629 0.0064961 0.0079511 0.0331766 0.0064939 0.0014222 0.0338620 0.0391397 0.0388474 0.0371373 0.0354380 0.0371373 0.0346506 0.0388474 0.0339140 0.0347454 0.0102081 0.0094614 0.0306412 0.0290022 0.0305705 0.0305705 0.0298107 0.0313866 0.0313866 0.0313838 0.0664302 0.0656468 0.0064961 0.0072293 0.0282744 0.0282744 0.0291438 0.0290953 0.0290869 0.0290844 0.0290869 0.0366415 0.0399779 0.0399744 0.0399744 0.0313786 0.0322685 0.0050256 0.0057520 0.0306296 0.0331766 0.0314499 0.0314447 0.0064945 0.0072145 0.0306560 0.0305682 0.0321971 
H5N1.EPI_ISL_17606823.Galliformes.south_korea.22.2021-11-21       0.0057648 0.0064966 0.0357014 0.0372553 0.0313905 0.0322093 0.0364216 0.0726774 0.0102151 0.0726774 0.0347675 0.0374539 0.0382873 0.0382873 0.0330335 0.0322780 0.0330335 0.0417329 0.0366006 0.0338520 0.0355019 0.0372736 0.0382040 0.0338750 0.0356093 0.0057539 0.0014222 0.0000000 0.0057546 0.0072300 0.0064847 0.0057546 0.0072300 0.0064961 0.0057648 0.0064983 0.0079538 0.0331893 0.0064961 0.0000010 0.0338750 0.0391552 0.0388630 0.0371520 0.0354520 0.0371520 0.0346642 0.0388630 0.0339271 0.0347587 0.0102116 0.0094646 0.0306528 0.0290131 0.0305821 0.0305821 0.0298219 0.0313985 0.0313985 0.0313957 0.0664592 0.0656755 0.0064983 0.0072317 0.0282850 0.0282850 0.0291548 0.0291063 0.0290979 0.0290953 0.0290979 0.0366558 0.0399938 0.0399902 0.0399902 0.0313905 0.0322808 0.0050273 0.0057539 0.0306412 0.0331893 0.0314619 0.0314566 0.0064966 0.0072169 0.0298427 0.0305797 0.0322093 
H5N1.EPI_ISL_17606824.Anseriformes.south_korea.22.2021-11-22      0.0014250 0.0021409 0.0306614 0.0321974 0.0264718 0.0272727 0.0313817 0.0667746 0.0057689 0.0667746 0.0297623 0.0323636 0.0331798 0.0331798 0.0280783 0.0273294 0.0280783 0.0365437 0.0315311 0.0288798 0.0304943 0.0322127 0.0331096 0.0288989 0.0305844 0.0014223 0.0057527 0.0057546 0.0000000 0.0043030 0.0021373 0.0000010 0.0043030 0.0021407 0.0014250 0.0021414 0.0050208 0.0282075 0.0021407 0.0057546 0.0288989 0.0340254 0.0336739 0.0320023 0.0303406 0.0320023 0.0295621 0.0336739 0.0289423 0.0297552 0.0057670 0.0050371 0.0257378 0.0241359 0.0256798 0.0256798 0.0257324 0.0264783 0.0264783 0.0264760 0.0607440 0.0599651 0.0021414 0.0028596 0.0234096 0.0234096 0.0242508 0.0242115 0.0242046 0.0242025 0.0242046 0.0315780 0.0348467 0.0348436 0.0348436 0.0264718 0.0273318 0.0007096 0.0014223 0.0257283 0.0282075 0.0265304 0.0265262 0.0021409 0.0028540 0.0257502 0.0256779 0.0272727 
H5N1.EPI_ISL_17606828.Anseriformes.south_korea.22.2021-12-13      0.0043106 0.0050368 0.0340378 0.0355873 0.0297634 0.0305770 0.0347587 0.0707677 0.0087286 0.0707677 0.0331147 0.0357754 0.0366039 0.0366039 0.0313957 0.0306417 0.0313957 0.0400255 0.0349273 0.0322093 0.0338490 0.0356046 0.0365249 0.0322310 0.0339507 0.0043024 0.0072276 0.0072300 0.0043030 0.0000000 0.0050285 0.0043030 0.0000010 0.0050364 0.0043106 0.0050381 0.0035794 0.0307131 0.0050364 0.0072300 0.0322310 0.0374653 0.0371520 0.0354533 0.0337644 0.0354533 0.0329789 0.0371520 0.0322803 0.0331065 0.0087256 0.0079838 0.0290263 0.0273977 0.0289597 0.0289597 0.0290201 0.0297709 0.0297709 0.0297683 0.0646040 0.0638210 0.0050381 0.0057667 0.0266695 0.0266695 0.0275305 0.0274850 0.0274771 0.0274747 0.0274771 0.0349798 0.0382989 0.0382955 0.0382955 0.0297634 0.0306444 0.0035801 0.0043024 0.0290153 0.0307131 0.0298306 0.0298257 0.0050368 0.0057553 0.0290403 0.0289575 0.0305770 
H5N1.EPI_ISL_17606832.Galliformes.south_korea.22.2021-12-16       0.0021411 0.0028592 0.0314842 0.0330227 0.0272761 0.0280797 0.0322043 0.0677248 0.0050390 0.0677248 0.0305797 0.0331938 0.0340126 0.0340126 0.0288881 0.0281383 0.0288881 0.0373888 0.0323582 0.0296921 0.0313119 0.0330385 0.0339403 0.0297118 0.0314048 0.0007096 0.0064826 0.0064847 0.0021373 0.0050285 0.0000000 0.0021373 0.0050285 0.0028590 0.0021411 0.0028599 0.0057475 0.0290215 0.0028590 0.0064847 0.0297118 0.0348615 0.0345197 0.0328424 0.0311750 0.0328424 0.0303951 0.0345197 0.0297566 0.0305723 0.0064999 0.0057662 0.0265416 0.0249340 0.0264816 0.0264816 0.0265360 0.0272828 0.0272828 0.0272805 0.0616664 0.0608869 0.0028599 0.0035805 0.0242076 0.0242076 0.0250532 0.0250124 0.0250053 0.0250032 0.0250053 0.0324065 0.0356853 0.0356821 0.0356821 0.0272761 0.0281407 0.0014226 0.0007096 0.0265318 0.0290215 0.0273368 0.0273323 0.0028592 0.0021376 0.0265544 0.0264796 0.0280797 
H5N1.EPI_ISL_17606833.Galliformes.south_korea.22.2021-12-17       0.0014250 0.0021409 0.0306614 0.0321974 0.0264718 0.0272727 0.0313817 0.0667746 0.0057689 0.0667746 0.0297623 0.0323636 0.0331798 0.0331798 0.0280783 0.0273294 0.0280783 0.0365437 0.0315311 0.0288798 0.0304943 0.0322127 0.0331096 0.0288989 0.0305844 0.0014223 0.0057527 0.0057546 0.0000010 0.0043030 0.0021373 0.0000000 0.0043030 0.0021407 0.0014250 0.0021414 0.0050208 0.0282075 0.0021407 0.0057546 0.0288989 0.0340254 0.0336739 0.0320023 0.0303406 0.0320023 0.0295621 0.0336739 0.0289423 0.0297552 0.0057670 0.0050371 0.0257378 0.0241359 0.0256798 0.0256798 0.0257324 0.0264783 0.0264783 0.0264760 0.0607440 0.0599651 0.0021414 0.0028596 0.0234096 0.0234096 0.0242508 0.0242115 0.0242046 0.0242025 0.0242046 0.0315780 0.0348467 0.0348436 0.0348436 0.0264718 0.0273318 0.0007096 0.0014223 0.0257283 0.0282075 0.0265304 0.0265262 0.0021409 0.0028540 0.0257502 0.0256779 0.0272727 
H5N1.EPI_ISL_17606834.Galliformes.south_korea.22.2021-12-20       0.0043106 0.0050368 0.0340378 0.0355873 0.0297634 0.0305770 0.0347587 0.0707677 0.0087286 0.0707677 0.0331147 0.0357754 0.0366039 0.0366039 0.0313957 0.0306417 0.0313957 0.0400255 0.0349273 0.0322093 0.0338490 0.0356046 0.0365249 0.0322310 0.0339507 0.0043024 0.0072276 0.0072300 0.0043030 0.0000010 0.0050285 0.0043030 0.0000000 0.0050364 0.0043106 0.0050381 0.0035794 0.0307131 0.0050364 0.0072300 0.0322310 0.0374653 0.0371520 0.0354533 0.0337644 0.0354533 0.0329789 0.0371520 0.0322803 0.0331065 0.0087256 0.0079838 0.0290263 0.0273977 0.0289597 0.0289597 0.0290201 0.0297709 0.0297709 0.0297683 0.0646040 0.0638210 0.0050381 0.0057667 0.0266695 0.0266695 0.0275305 0.0274850 0.0274771 0.0274747 0.0274771 0.0349798 0.0382989 0.0382955 0.0382955 0.0297634 0.0306444 0.0035801 0.0043024 0.0290153 0.0307131 0.0298306 0.0298257 0.0050368 0.0057553 0.0290403 0.0289575 0.0305770 
H5N1.EPI_ISL_17606840.Anseriformes.south_korea.22.2022-01-21      0.0007096 0.0014225 0.0315420 0.0330835 0.0273250 0.0281302 0.0322634 0.0678708 0.0050309 0.0678708 0.0306355 0.0332554 0.0340758 0.0340758 0.0289402 0.0281890 0.0289402 0.0374596 0.0324179 0.0297459 0.0313691 0.0330994 0.0340033 0.0297657 0.0314623 0.0021404 0.0064939 0.0064961 0.0021407 0.0050364 0.0028590 0.0021407 0.0050364 0.0000000 0.0007096 0.0014228 0.0057566 0.0290742 0.0000010 0.0064961 0.0297657 0.0349266 0.0345850 0.0329041 0.0312330 0.0329041 0.0304517 0.0345850 0.0298107 0.0306281 0.0065105 0.0057765 0.0265892 0.0249784 0.0265289 0.0265289 0.0265836 0.0273318 0.0273318 0.0273294 0.0617950 0.0610138 0.0014228 0.0021376 0.0242507 0.0242507 0.0250980 0.0250571 0.0250500 0.0250478 0.0250500 0.0324664 0.0357532 0.0357500 0.0357500 0.0273250 0.0281915 0.0014249 0.0021404 0.0265793 0.0290742 0.0273859 0.0273815 0.0014225 0.0035790 0.0266020 0.0265270 0.0281302 
H5N1.EPI_ISL_17606842.Galliformes.south_korea.22.2022-01-21       0.0000010 0.0007096 0.0307241 0.0322634 0.0265247 0.0273274 0.0314458 0.0669336 0.0043059 0.0669336 0.0298228 0.0324304 0.0332485 0.0332485 0.0281348 0.0273843 0.0281348 0.0366205 0.0315959 0.0289380 0.0305562 0.0322788 0.0331780 0.0289572 0.0306467 0.0014249 0.0057629 0.0057648 0.0014250 0.0043106 0.0021411 0.0014250 0.0043106 0.0007096 0.0000000 0.0007096 0.0050297 0.0282645 0.0007096 0.0057648 0.0289572 0.0340961 0.0337447 0.0320691 0.0304035 0.0320691 0.0296232 0.0337447 0.0290008 0.0298156 0.0057784 0.0050460 0.0257892 0.0241838 0.0257309 0.0257309 0.0257837 0.0265312 0.0265312 0.0265289 0.0608842 0.0601033 0.0007096 0.0014230 0.0234560 0.0234560 0.0242991 0.0242596 0.0242528 0.0242507 0.0242528 0.0316430 0.0349193 0.0349162 0.0349162 0.0265247 0.0273867 0.0007114 0.0014249 0.0257796 0.0282645 0.0265836 0.0265793 0.0007096 0.0028590 0.0258016 0.0257290 0.0273274 
H5N1.EPI_ISL_17606845.Anseriformes.south_korea.22.2022-01-29      0.0007096 0.0014230 0.0315541 0.0330962 0.0273352 0.0281407 0.0322757 0.0679008 0.0035825 0.0679008 0.0306471 0.0332682 0.0340890 0.0340890 0.0289511 0.0281996 0.0289511 0.0374743 0.0324304 0.0297571 0.0313810 0.0331121 0.0340164 0.0297769 0.0314742 0.0021411 0.0064961 0.0064983 0.0021414 0.0050381 0.0028599 0.0021414 0.0050381 0.0014228 0.0007096 0.0000000 0.0057585 0.0290852 0.0014228 0.0064983 0.0297769 0.0349401 0.0345985 0.0329169 0.0312451 0.0329169 0.0304634 0.0345985 0.0298219 0.0306397 0.0065127 0.0057784 0.0265991 0.0249876 0.0265388 0.0265388 0.0265935 0.0273419 0.0273419 0.0273396 0.0618216 0.0610400 0.0000010 0.0007096 0.0242596 0.0242596 0.0251073 0.0250663 0.0250592 0.0250571 0.0250592 0.0324789 0.0357672 0.0357640 0.0357640 0.0273352 0.0282021 0.0014253 0.0021411 0.0265892 0.0290852 0.0273961 0.0273917 0.0014230 0.0035802 0.0266119 0.0265368 0.0281407 
H5N1.EPI_ISL_17606850.Galliformes.south_korea.22.2022-02-04       0.0050297 0.0057571 0.0348102 0.0363590 0.0289072 0.0297167 0.0355295 0.0696790 0.0094570 0.0696790 0.0338837 0.0365516 0.0373809 0.0373809 0.0305311 0.0297792 0.0305311 0.0408074 0.0357021 0.0313408 0.0329723 0.0347163 0.0373001 0.0313618 0.0330708 0.0050201 0.0079511 0.0079538 0.0050208 0.0035794 0.0057475 0.0050208 0.0035794 0.0057566 0.0050297 0.0057585 0.0000000 0.0314806 0.0057566 0.0079538 0.0313618 0.0382437 0.0379402 0.0362394 0.0345484 0.0362394 0.0337632 0.0379402 0.0330479 0.0338752 0.0094537 0.0087105 0.0297899 0.0281589 0.0297215 0.0297215 0.0297836 0.0305338 0.0305338 0.0305311 0.0635592 0.0627781 0.0057585 0.0050313 0.0274319 0.0274319 0.0282956 0.0266237 0.0282406 0.0282382 0.0282406 0.0357558 0.0390782 0.0390747 0.0390747 0.0289072 0.0297818 0.0042967 0.0050201 0.0297787 0.0314806 0.0305951 0.0305901 0.0057571 0.0064754 0.0298043 0.0297193 0.0297167 
H5N1.EPI_ISL_17606854.Galliformes.south_korea.19.2022-02-07       0.0282645 0.0290768 0.0050415 0.0064839 0.0079978 0.0087388 0.0057551 0.0775867 0.0332863 0.0775867 0.0043041 0.0065141 0.0072475 0.0072475 0.0094827 0.0087555 0.0094827 0.0102188 0.0057797 0.0117245 0.0117235 0.0132643 0.0057664 0.0102332 0.0117552 0.0282029 0.0331766 0.0331893 0.0282075 0.0307131 0.0290215 0.0282075 0.0307131 0.0290742 0.0282645 0.0290852 0.0314806 0.0000000 0.0290742 0.0331893 0.0102332 0.0079883 0.0088513 0.0073531 0.0058634 0.0073531 0.0036516 0.0088513 0.0064860 0.0057551 0.0299541 0.0307760 0.0035826 0.0035826 0.0072608 0.0072608 0.0087566 0.0079996 0.0079996 0.0079989 0.0711390 0.0703430 0.0290852 0.0299003 0.0187728 0.0187728 0.0195925 0.0195614 0.0195560 0.0195543 0.0195560 0.0057877 0.0087261 0.0087254 0.0087254 0.0079978 0.0087562 0.0273977 0.0282029 0.0021424 0.0000010 0.0028611 0.0028607 0.0290768 0.0298320 0.0087626 0.0087395 0.0087388 
H5N1.EPI_ISL_17606860.Galliformes.south_korea.22.2022-02-12       0.0007096 0.0014225 0.0315420 0.0330835 0.0273250 0.0281302 0.0322634 0.0678708 0.0050309 0.0678708 0.0306355 0.0332554 0.0340758 0.0340758 0.0289402 0.0281890 0.0289402 0.0374596 0.0324179 0.0297459 0.0313691 0.0330994 0.0340033 0.0297657 0.0314623 0.0021404 0.0064939 0.0064961 0.0021407 0.0050364 0.0028590 0.0021407 0.0050364 0.0000010 0.0007096 0.0014228 0.0057566 0.0290742 0.0000000 0.0064961 0.0297657 0.0349266 0.0345850 0.0329041 0.0312330 0.0329041 0.0304517 0.0345850 0.0298107 0.0306281 0.0065105 0.0057765 0.0265892 0.0249784 0.0265289 0.0265289 0.0265836 0.0273318 0.0273318 0.0273294 0.0617950 0.0610138 0.0014228 0.0021376 0.0242507 0.0242507 0.0250980 0.0250571 0.0250500 0.0250478 0.0250500 0.0324664 0.0357532 0.0357500 0.0357500 0.0273250 0.0281915 0.0014249 0.0021404 0.0265793 0.0290742 0.0273859 0.0273815 0.0014225 0.0035790 0.0266020 0.0265270 0.0281302 
H5N1.EPI_ISL_17606865.Anseriformes.south_korea.22.2021-11-14      0.0057648 0.0064966 0.0357014 0.0372553 0.0313905 0.0322093 0.0364216 0.0726774 0.0102151 0.0726774 0.0347675 0.0374539 0.0382873 0.0382873 0.0330335 0.0322780 0.0330335 0.0417329 0.0366006 0.0338520 0.0355019 0.0372736 0.0382040 0.0338750 0.0356093 0.0057539 0.0014222 0.0000010 0.0057546 0.0072300 0.0064847 0.0057546 0.0072300 0.0064961 0.0057648 0.0064983 0.0079538 0.0331893 0.0064961 0.0000000 0.0338750 0.0391552 0.0388630 0.0371520 0.0354520 0.0371520 0.0346642 0.0388630 0.0339271 0.0347587 0.0102116 0.0094646 0.0306528 0.0290131 0.0305821 0.0305821 0.0298219 0.0313985 0.0313985 0.0313957 0.0664592 0.0656755 0.0064983 0.0072317 0.0282850 0.0282850 0.0291548 0.0291063 0.0290979 0.0290953 0.0290979 0.0366558 0.0399938 0.0399902 0.0399902 0.0313905 0.0322808 0.0050273 0.0057539 0.0306412 0.0331893 0.0314619 0.0314566 0.0064966 0.0072169 0.0298427 0.0305797 0.0322093 
H5N1.EPI_ISL_17766057.Carnivora.japan.15.2023-04-12               0.0289572 0.0297683 0.0124914 0.0139645 0.0021382 0.0028553 0.0132095 0.0792066 0.0339738 0.0792066 0.0117078 0.0140302 0.0147886 0.0147886 0.0035748 0.0028605 0.0035748 0.0178758 0.0132668 0.0057450 0.0042955 0.0072210 0.0147602 0.0000010 0.0014258 0.0288942 0.0338620 0.0338750 0.0288989 0.0322310 0.0297118 0.0288989 0.0322310 0.0297657 0.0289572 0.0297769 0.0313618 0.0102332 0.0297657 0.0338750 0.0000000 0.0155602 0.0150015 0.0134585 0.0134641 0.0134585 0.0111789 0.0150015 0.0139694 0.0132095 0.0306459 0.0314667 0.0094680 0.0109629 0.0087084 0.0087084 0.0087248 0.0094490 0.0094490 0.0094482 0.0727412 0.0719486 0.0297769 0.0305909 0.0203463 0.0203463 0.0211747 0.0211407 0.0211349 0.0211330 0.0211349 0.0132858 0.0147925 0.0163218 0.0163218 0.0021382 0.0028607 0.0280901 0.0288942 0.0094686 0.0102332 0.0102137 0.0102123 0.0297683 0.0305211 0.0087308 0.0087079 0.0028553 
H5N1.EPI_ISL_china_18.NA.china.80.2023-01-01                      0.0340961 0.0349297 0.0102200 0.0116831 0.0132657 0.0140253 0.0109365 0.0869835 0.0375593 0.0869835 0.0094510 0.0028571 0.0035761 0.0042976 0.0147883 0.0140528 0.0147883 0.0021394 0.0021390 0.0170853 0.0170838 0.0186777 0.0094352 0.0155602 0.0171314 0.0340196 0.0391397 0.0391552 0.0340254 0.0374653 0.0348615 0.0340254 0.0374653 0.0349266 0.0340961 0.0349401 0.0382437 0.0079883 0.0349266 0.0391552 0.0155602 0.0000000 0.0142075 0.0126718 0.0111457 0.0126718 0.0088841 0.0142075 0.0116872 0.0109365 0.0358444 0.0366889 0.0087137 0.0087137 0.0125114 0.0125114 0.0140546 0.0132688 0.0132688 0.0132676 0.0802264 0.0794253 0.0349401 0.0357779 0.0243708 0.0243708 0.0252231 0.0251817 0.0251745 0.0251723 0.0251745 0.0021420 0.0035756 0.0035753 0.0035753 0.0132657 0.0140540 0.0331938 0.0340196 0.0072366 0.0079883 0.0079733 0.0079722 0.0349297 0.0356928 0.0140643 0.0140265 0.0140253 
