15
H5N3.EPI_ISL_5863749.Anseriformes.united_states.289.2020-10-20 0.0000000 0.0204262 0.0251200 0.0267061 0.0266289 0.0297927 0.0305823 0.0313764 0.0290032 0.0290032 0.0321297 0.0329577 0.0321752 0.0352734 0.0360896 
H7N3.EPI_ISL_706194.Anseriformes.south_korea.NA.2019-03-15     0.0204262 0.0000000 0.0158975 0.0173818 0.0165977 0.0195596 0.0203000 0.0210437 0.0210337 0.0210337 0.0217616 0.0225275 0.0232715 0.0247185 0.0277191 
H7N3.EPI_ISL_387968.Anseriformes.egypt.NA.2016-01-28           0.0251200 0.0158975 0.0000000 0.0014224 0.0136952 0.0100638 0.0093390 0.0115204 0.0129730 0.0129730 0.0115097 0.0122505 0.0122495 0.0151516 0.0188346 
H7N3.EPI_ISL_387966.Anseriformes.egypt.NA.2016-03-17           0.0267061 0.0173818 0.0014224 0.0000000 0.0151715 0.0115270 0.0107996 0.0129902 0.0144476 0.0144476 0.0129771 0.0137233 0.0137222 0.0151638 0.0188501 
H7N3.EPI_ISL_331289.Anseriformes.russia.NA.2018-01-23          0.0266289 0.0165977 0.0136952 0.0151715 0.0000000 0.0188155 0.0180802 0.0202967 0.0202873 0.0202873 0.0195369 0.0202969 0.0210374 0.0224814 0.0254670 
H10N3.EPI_ISL_1096150.environment.china.NA.2015-11-19          0.0297927 0.0195596 0.0100638 0.0115270 0.0188155 0.0000000 0.0049901 0.0028460 0.0144037 0.0144037 0.0151441 0.0100309 0.0136805 0.0210208 0.0240001 
H10N3.EPI_ISL_206694.Anseriformes.mongolia.NA.2015-08-31       0.0305823 0.0203000 0.0093390 0.0107996 0.0180802 0.0049901 0.0000000 0.0064262 0.0122181 0.0122181 0.0129540 0.0093085 0.0114968 0.0202829 0.0232578 
NA.EPI_ISL_387335.Anseriformes.viet_nam.NA.2016-02-10          0.0313764 0.0210437 0.0115204 0.0129902 0.0202967 0.0028460 0.0064262 0.0000000 0.0158702 0.0158702 0.0166138 0.0114826 0.0151454 0.0225082 0.0254975 
H5N3.EPI_ISL_240680.Anseriformes.russia.NA.2014-09-11          0.0290032 0.0210337 0.0129730 0.0144476 0.0202873 0.0144037 0.0122181 0.0158702 0.0000000 0.0000010 0.0188149 0.0173377 0.0107676 0.0239839 0.0269811 
H5N3.EPI_ISL_240673.Anseriformes.russia.NA.2014-09-10          0.0290032 0.0210337 0.0129730 0.0144476 0.0202873 0.0144037 0.0122181 0.0158702 0.0000010 0.0000000 0.0188149 0.0173377 0.0107676 0.0239839 0.0269811 
H7N3.EPI_ISL_327474.Anseriformes.mongolia.NA.2017-09-01        0.0321297 0.0217616 0.0115097 0.0129771 0.0195369 0.0151441 0.0129540 0.0166138 0.0188149 0.0188149 0.0000000 0.0180855 0.0180847 0.0202637 0.0232367 
H2N3.EPI_ISL_333089.Anseriformes.bangladesh.NA.2017-01-23      0.0329577 0.0225275 0.0122505 0.0137233 0.0202969 0.0100309 0.0093085 0.0114826 0.0173377 0.0173377 0.0180855 0.0000000 0.0166115 0.0225084 0.0254978 
H2N3.EPI_ISL_267293.Anseriformes.united_states.NA.2012-12-22   0.0321752 0.0232715 0.0122495 0.0137222 0.0210374 0.0136805 0.0114968 0.0151454 0.0107676 0.0107676 0.0180847 0.0166115 0.0000000 0.0232518 0.0262458 
H1N3.EPI_ISL_339038.Anseriformes.russia.NA.2018-09-06          0.0352734 0.0247185 0.0151516 0.0151638 0.0224814 0.0210208 0.0202829 0.0225082 0.0239839 0.0239839 0.0202637 0.0225084 0.0232518 0.0000000 0.0042747 
H14N3.EPI_ISL_400267.Anseriformes.russia.NA.2019-09-07         0.0360896 0.0277191 0.0188346 0.0188501 0.0254670 0.0240001 0.0232578 0.0254975 0.0269811 0.0269811 0.0232367 0.0254978 0.0262458 0.0042747 0.0000000 
