52
H5N2.EPI_ISL_1760455.Anseriformes.china.286.2020-11-10        0.0000000 0.0326820 0.0591872 0.0591325 0.0350203 0.0273792 0.0311338 0.0296102 0.0318975 0.0288612 0.0296102 0.0273378 0.0281072 0.0288816 0.0190551 0.0190289 0.0190289 0.0190422 0.0197704 0.0190439 0.0014428 0.0160577 0.0168088 0.0168055 0.0168055 0.0175570 0.0175381 0.0183081 0.0183245 0.0097342 0.0075208 0.0154931 0.0198469 0.0584538 0.0496979 0.0528176 0.0536200 0.0623585 0.0473533 0.0488903 0.0626836 0.0489154 0.0552162 0.0395223 0.0497403 0.0481386 0.0504919 0.0403584 0.0528591 0.0481233 0.0504925 0.0449790 
H5N2.EPI_ISL_15732741.Passeriformes.japan.297.2022-10-28      0.0326820 0.0000000 0.0600753 0.0600197 0.0036158 0.0109149 0.0116355 0.0087048 0.0123711 0.0094383 0.0101673 0.0108989 0.0116378 0.0123797 0.0160662 0.0205484 0.0205484 0.0205629 0.0212928 0.0205647 0.0327054 0.0265343 0.0273075 0.0273021 0.0273021 0.0295865 0.0280430 0.0288442 0.0273576 0.0384533 0.0363105 0.0276025 0.0288812 0.0585508 0.0513501 0.0544823 0.0537082 0.0648596 0.0513558 0.0497482 0.0627886 0.0513555 0.0568921 0.0411292 0.0521870 0.0505747 0.0529411 0.0419714 0.0537414 0.0482019 0.0521484 0.0466102 
H5N2.EPI_ISL_china_8.Anseriformes.china.101.2021-12-29        0.0591872 0.0600753 0.0000000 0.0000010 0.0625597 0.0553381 0.0592357 0.0592231 0.0584460 0.0552731 0.0560480 0.0552509 0.0560709 0.0568994 0.0488803 0.0480337 0.0480337 0.0480680 0.0488088 0.0472889 0.0592308 0.0519192 0.0527409 0.0527302 0.0527302 0.0535513 0.0534891 0.0543655 0.0528422 0.0610969 0.0606694 0.0533235 0.0576827 0.0168379 0.0197852 0.0227611 0.0220198 0.0175576 0.0183003 0.0190320 0.0206343 0.0197874 0.0250227 0.0287646 0.0205487 0.0205342 0.0212821 0.0310831 0.0257782 0.0318024 0.0235229 0.0287587 
H5N2.EPI_ISL_china_11.Anseriformes.china.101.2022-01-26       0.0591325 0.0600197 0.0000010 0.0000000 0.0625015 0.0552870 0.0591809 0.0591683 0.0583920 0.0552221 0.0559963 0.0552000 0.0560192 0.0568469 0.0488356 0.0479898 0.0479898 0.0480241 0.0487641 0.0472457 0.0591760 0.0518716 0.0526926 0.0526819 0.0526819 0.0535021 0.0534401 0.0543155 0.0527936 0.0610386 0.0606111 0.0532740 0.0576294 0.0168229 0.0197676 0.0227407 0.0220001 0.0175420 0.0182840 0.0190151 0.0206158 0.0197698 0.0250003 0.0287388 0.0205304 0.0205159 0.0212631 0.0310551 0.0257551 0.0317738 0.0235019 0.0287329 
H5N2.EPI_ISL_18284476.Galliformes.japan.NA.2023-01-17         0.0350203 0.0036158 0.0625597 0.0625015 0.0000000 0.0131378 0.0138593 0.0109141 0.0145987 0.0116517 0.0123836 0.0131185 0.0138620 0.0146087 0.0183129 0.0228212 0.0228212 0.0228373 0.0235690 0.0228396 0.0350454 0.0288360 0.0296138 0.0296079 0.0296079 0.0319051 0.0303513 0.0311602 0.0296684 0.0408935 0.0387549 0.0299347 0.0312003 0.0610301 0.0537885 0.0569360 0.0561585 0.0673686 0.0537944 0.0521767 0.0652996 0.0537941 0.0593597 0.0435105 0.0546319 0.0530094 0.0553884 0.0443609 0.0554057 0.0506235 0.0545914 0.0490221 
H11N2.EPI_ISL_9572815.Anseriformes.viet_nam.NA.2019-12-30     0.0273792 0.0109149 0.0553381 0.0552870 0.0131378 0.0000000 0.0065211 0.0065199 0.0072506 0.0043403 0.0050652 0.0028891 0.0036152 0.0043433 0.0079851 0.0138760 0.0138760 0.0138857 0.0146134 0.0124106 0.0273987 0.0183152 0.0190720 0.0190683 0.0190683 0.0213198 0.0198039 0.0205827 0.0191073 0.0313704 0.0292065 0.0192769 0.0221061 0.0530220 0.0443293 0.0474312 0.0482270 0.0584977 0.0443342 0.0427484 0.0572044 0.0443340 0.0498114 0.0342279 0.0451508 0.0435606 0.0459016 0.0350502 0.0466919 0.0412154 0.0451178 0.0396446 
H3N2.EPI_ISL_9572777.Anseriformes.viet_nam.NA.2020-07-29      0.0311338 0.0116355 0.0592357 0.0591809 0.0138593 0.0065211 0.0000000 0.0072400 0.0007203 0.0050606 0.0057853 0.0065116 0.0072427 0.0079763 0.0116347 0.0160760 0.0160760 0.0160872 0.0168149 0.0160886 0.0311561 0.0220165 0.0227794 0.0227750 0.0227750 0.0250382 0.0235122 0.0227999 0.0228216 0.0352600 0.0331098 0.0230245 0.0243307 0.0537454 0.0466105 0.0481530 0.0520885 0.0608128 0.0481777 0.0465815 0.0579302 0.0481774 0.0521061 0.0380156 0.0490014 0.0474007 0.0497533 0.0388480 0.0505482 0.0450428 0.0489654 0.0434621 
H9N2.EPI_ISL_14867047.Anseriformes.japan.NA.2021-09-01        0.0296102 0.0087048 0.0592231 0.0591683 0.0109141 0.0065199 0.0072400 0.0000000 0.0079694 0.0050597 0.0057842 0.0065104 0.0072414 0.0079748 0.0116325 0.0175546 0.0175546 0.0175669 0.0182950 0.0160856 0.0296313 0.0220123 0.0227750 0.0227706 0.0227706 0.0250334 0.0235077 0.0242947 0.0228171 0.0352527 0.0331030 0.0230200 0.0243260 0.0553153 0.0466001 0.0512770 0.0505067 0.0623964 0.0481677 0.0465719 0.0595153 0.0481675 0.0536704 0.0380079 0.0489913 0.0473909 0.0497430 0.0388401 0.0505377 0.0450336 0.0489553 0.0434532 
H3N2.EPI_ISL_9572810.Anseriformes.viet_nam.NA.2020-09-25      0.0318975 0.0123711 0.0584460 0.0583920 0.0145987 0.0072506 0.0007203 0.0079694 0.0000000 0.0057875 0.0065128 0.0072400 0.0079724 0.0087073 0.0123702 0.0168182 0.0168182 0.0168300 0.0175580 0.0168315 0.0319203 0.0227661 0.0235305 0.0235259 0.0235259 0.0257936 0.0242637 0.0235527 0.0235741 0.0360527 0.0339046 0.0237838 0.0250854 0.0529612 0.0458353 0.0473764 0.0513073 0.0600215 0.0474007 0.0458069 0.0571383 0.0474005 0.0513246 0.0387884 0.0482229 0.0466246 0.0489745 0.0396232 0.0497683 0.0458264 0.0481875 0.0426911 
H3N2.EPI_ISL_13374950.environment.japan.NA.2019-12-02         0.0288612 0.0094383 0.0552731 0.0552221 0.0116517 0.0043403 0.0050606 0.0050597 0.0057875 0.0000000 0.0021629 0.0043340 0.0050616 0.0057915 0.0094377 0.0153378 0.0153378 0.0153485 0.0160760 0.0138717 0.0288818 0.0197820 0.0190510 0.0190473 0.0190473 0.0227909 0.0197821 0.0205589 0.0205786 0.0329029 0.0307459 0.0207614 0.0220818 0.0513840 0.0442780 0.0473762 0.0481710 0.0584287 0.0442830 0.0426991 0.0555448 0.0442827 0.0497534 0.0357185 0.0450985 0.0435103 0.0458484 0.0365442 0.0466377 0.0396233 0.0450655 0.0395991 
H11N2.EPI_ISL_6795226.Anseriformes.south_korea.NA.2020-02-25  0.0296102 0.0101673 0.0560480 0.0559963 0.0123836 0.0050652 0.0057853 0.0057842 0.0065128 0.0021629 0.0000000 0.0050578 0.0057864 0.0065173 0.0101666 0.0160729 0.0160729 0.0160842 0.0168117 0.0146062 0.0296314 0.0205208 0.0197897 0.0197859 0.0197859 0.0220363 0.0205209 0.0212996 0.0213200 0.0336787 0.0315245 0.0215094 0.0228248 0.0521562 0.0434879 0.0481433 0.0489390 0.0592064 0.0434928 0.0419119 0.0563237 0.0434926 0.0505231 0.0349429 0.0443064 0.0427212 0.0450557 0.0357661 0.0458436 0.0403828 0.0442741 0.0388168 
H11N2.EPI_ISL_13439051.environment.japan.NA.2019-12-16        0.0273378 0.0108989 0.0552509 0.0552000 0.0131185 0.0028891 0.0065116 0.0065104 0.0072400 0.0043340 0.0050578 0.0000000 0.0036099 0.0043370 0.0079734 0.0138556 0.0138556 0.0138652 0.0145919 0.0123924 0.0273572 0.0182882 0.0190438 0.0175548 0.0175548 0.0212872 0.0197746 0.0205511 0.0190779 0.0313212 0.0291605 0.0192481 0.0220732 0.0529386 0.0434882 0.0473573 0.0465899 0.0584052 0.0442654 0.0426822 0.0571136 0.0442652 0.0497335 0.0341756 0.0450806 0.0434931 0.0458302 0.0349965 0.0466191 0.0411518 0.0450477 0.0395835 
H9N2.EPI_ISL_4072076.Anseriformes.south_korea.NA.2020-02-19   0.0281072 0.0116378 0.0560709 0.0560192 0.0138620 0.0036152 0.0072427 0.0072414 0.0079724 0.0050616 0.0057864 0.0036099 0.0000000 0.0036138 0.0087075 0.0146003 0.0146003 0.0146105 0.0153378 0.0131352 0.0281272 0.0190400 0.0197974 0.0197935 0.0197935 0.0220448 0.0205289 0.0213079 0.0198329 0.0321212 0.0299617 0.0200099 0.0228335 0.0537554 0.0450608 0.0481627 0.0489589 0.0592307 0.0450658 0.0434792 0.0579409 0.0450655 0.0505436 0.0349568 0.0458831 0.0442921 0.0466335 0.0357804 0.0474240 0.0419464 0.0458495 0.0403750 
H11N2.EPI_ISL_707690.Anseriformes.south_korea.NA.2019-11-20   0.0288816 0.0123797 0.0568994 0.0568469 0.0146087 0.0043433 0.0079763 0.0079748 0.0087073 0.0057915 0.0065173 0.0043370 0.0036138 0.0000000 0.0094441 0.0153483 0.0153483 0.0153591 0.0160871 0.0138813 0.0289022 0.0197956 0.0205549 0.0205509 0.0205509 0.0228077 0.0212872 0.0220698 0.0205930 0.0329270 0.0307684 0.0207759 0.0235981 0.0545803 0.0458681 0.0489756 0.0497735 0.0600650 0.0458732 0.0442832 0.0587770 0.0458730 0.0513615 0.0357440 0.0466927 0.0450982 0.0474440 0.0365703 0.0482362 0.0427478 0.0466585 0.0411729 
H5N2.EPI_ISL_369331.Anseriformes.south_korea.NA.2017-12-27    0.0190551 0.0160662 0.0488803 0.0488356 0.0183129 0.0079851 0.0116347 0.0116325 0.0123702 0.0094377 0.0101666 0.0079734 0.0087075 0.0094441 0.0000000 0.0057879 0.0057879 0.0057919 0.0065145 0.0043393 0.0190684 0.0101601 0.0108996 0.0108974 0.0108974 0.0131076 0.0116252 0.0123782 0.0109190 0.0227268 0.0205453 0.0110155 0.0153655 0.0481489 0.0380165 0.0410808 0.0434120 0.0520000 0.0380207 0.0372300 0.0522685 0.0380205 0.0434265 0.0280554 0.0388216 0.0372564 0.0395668 0.0288573 0.0418901 0.0364743 0.0387935 0.0333968 
H5N2.EPI_ISL_3204257.Anseriformes.china.NA.2018-12-20         0.0190289 0.0205484 0.0480337 0.0479898 0.0228212 0.0138760 0.0160760 0.0175546 0.0168182 0.0153378 0.0160729 0.0138556 0.0146003 0.0153483 0.0057879 0.0000000 0.0000010 0.0000010 0.0007203 0.0043334 0.0190422 0.0116085 0.0123503 0.0123479 0.0123479 0.0145609 0.0130756 0.0138316 0.0123723 0.0226943 0.0205160 0.0124816 0.0168254 0.0473034 0.0371990 0.0402556 0.0425803 0.0511452 0.0372031 0.0364150 0.0514087 0.0372030 0.0425946 0.0272644 0.0380013 0.0364408 0.0387450 0.0280638 0.0410620 0.0356610 0.0379738 0.0325920 
H5N2.EPI_ISL_3161847.Anseriformes.china.NA.2019-01-15         0.0190289 0.0205484 0.0480337 0.0479898 0.0228212 0.0138760 0.0160760 0.0175546 0.0168182 0.0153378 0.0160729 0.0138556 0.0146003 0.0153483 0.0057879 0.0000010 0.0000000 0.0000010 0.0007203 0.0043334 0.0190422 0.0116085 0.0123503 0.0123479 0.0123479 0.0145609 0.0130756 0.0138316 0.0123723 0.0226943 0.0205160 0.0124816 0.0168254 0.0473034 0.0371990 0.0402556 0.0425803 0.0511452 0.0372031 0.0364150 0.0514087 0.0372030 0.0425946 0.0272644 0.0380013 0.0364408 0.0387450 0.0280638 0.0410620 0.0356610 0.0379738 0.0325920 
H5N2.EPI_ISL_3229453.Anseriformes.china.NA.2018-12-10         0.0190422 0.0205629 0.0480680 0.0480241 0.0228373 0.0138857 0.0160872 0.0175669 0.0168300 0.0153485 0.0160842 0.0138652 0.0146105 0.0153591 0.0057919 0.0000010 0.0000010 0.0000000 0.0000010 0.0043364 0.0190555 0.0116169 0.0123589 0.0123565 0.0123565 0.0145711 0.0130847 0.0138412 0.0123809 0.0227107 0.0205309 0.0124904 0.0168372 0.0473372 0.0372253 0.0402841 0.0426106 0.0511818 0.0372295 0.0364408 0.0514456 0.0372293 0.0426249 0.0272836 0.0380282 0.0364666 0.0387725 0.0280836 0.0410912 0.0356863 0.0380008 0.0326150 
H5N2.EPI_ISL_3228310.Anseriformes.china.NA.2018-12-25         0.0197704 0.0212928 0.0488088 0.0487641 0.0235690 0.0146134 0.0168149 0.0182950 0.0175580 0.0160760 0.0168117 0.0145919 0.0153378 0.0160871 0.0065145 0.0007203 0.0007203 0.0000010 0.0000000 0.0050581 0.0197842 0.0123400 0.0130831 0.0130805 0.0130805 0.0152964 0.0138087 0.0145666 0.0131065 0.0234626 0.0212866 0.0132223 0.0175655 0.0480784 0.0379618 0.0410215 0.0433490 0.0519235 0.0379660 0.0371766 0.0521911 0.0379659 0.0433635 0.0280151 0.0387657 0.0372030 0.0395097 0.0288165 0.0418294 0.0364221 0.0387377 0.0333492 
H5N2.EPI_ISL_369330.Anseriformes.south_korea.NA.2017-12-11    0.0190439 0.0205647 0.0472889 0.0472457 0.0228396 0.0124106 0.0160886 0.0160856 0.0168315 0.0138717 0.0146062 0.0123924 0.0131352 0.0138813 0.0043393 0.0043334 0.0043334 0.0043364 0.0050581 0.0000000 0.0190572 0.0101542 0.0108932 0.0108911 0.0108911 0.0130999 0.0116184 0.0123710 0.0109126 0.0227130 0.0205328 0.0110091 0.0153565 0.0465581 0.0379932 0.0395147 0.0418382 0.0503992 0.0379974 0.0372073 0.0506588 0.0379973 0.0418522 0.0280385 0.0387978 0.0372337 0.0395425 0.0288399 0.0418643 0.0364521 0.0387697 0.0333765 
H9N2.EPI_ISL_1760456.Anseriformes.china.NA.2020-11-10         0.0014428 0.0327054 0.0592308 0.0591760 0.0350454 0.0273987 0.0311561 0.0296313 0.0319203 0.0288818 0.0296314 0.0273572 0.0281272 0.0289022 0.0190684 0.0190422 0.0190422 0.0190555 0.0197842 0.0190572 0.0000000 0.0160688 0.0168205 0.0168172 0.0168172 0.0175692 0.0175503 0.0183209 0.0183373 0.0104957 0.0075208 0.0155040 0.0198608 0.0584969 0.0497342 0.0528562 0.0536592 0.0624046 0.0473878 0.0489259 0.0627302 0.0489511 0.0552567 0.0395508 0.0497766 0.0481737 0.0505288 0.0403876 0.0528978 0.0481584 0.0505294 0.0450117 
H6N2.EPI_ISL_1636527.environment.japan.NA.2018-11-12          0.0160577 0.0265343 0.0519192 0.0518716 0.0288360 0.0183152 0.0220165 0.0220123 0.0227661 0.0197820 0.0205208 0.0182882 0.0190400 0.0197956 0.0101601 0.0116085 0.0116085 0.0116169 0.0123400 0.0101542 0.0160688 0.0000000 0.0079615 0.0079591 0.0079591 0.0086928 0.0057757 0.0094273 0.0079748 0.0180828 0.0174274 0.0065746 0.0109178 0.0527581 0.0441115 0.0471973 0.0495482 0.0550473 0.0425698 0.0433160 0.0569171 0.0441162 0.0495649 0.0340623 0.0449286 0.0433468 0.0456756 0.0348801 0.0480182 0.0425562 0.0448959 0.0394512 
H11N2.EPI_ISL_16886943.Anseriformes.south_korea.NA.2019-12-03 0.0168088 0.0273075 0.0527409 0.0526926 0.0296138 0.0190720 0.0227794 0.0227750 0.0235305 0.0190510 0.0197897 0.0190438 0.0197974 0.0205549 0.0108996 0.0123503 0.0123503 0.0123589 0.0130831 0.0108932 0.0168205 0.0079615 0.0000000 0.0028853 0.0028853 0.0108923 0.0079615 0.0028876 0.0101743 0.0203943 0.0182090 0.0087875 0.0131333 0.0535824 0.0433683 0.0464530 0.0488026 0.0558751 0.0418273 0.0425735 0.0577527 0.0433729 0.0488190 0.0348481 0.0441843 0.0426038 0.0433816 0.0356688 0.0472728 0.0402722 0.0441521 0.0387108 
H6N2.EPI_ISL_4071038.Anseriformes.south_korea.NA.2019-11-06   0.0168055 0.0273021 0.0527302 0.0526819 0.0296079 0.0190683 0.0227750 0.0227706 0.0235259 0.0190473 0.0197859 0.0175548 0.0197935 0.0205509 0.0108974 0.0123479 0.0123479 0.0123565 0.0130805 0.0108911 0.0168172 0.0079591 0.0028853 0.0000000 0.0000010 0.0108902 0.0079592 0.0043356 0.0101723 0.0203902 0.0182053 0.0087849 0.0131307 0.0535715 0.0425905 0.0464436 0.0472337 0.0558637 0.0418189 0.0425649 0.0577408 0.0433642 0.0488091 0.0348411 0.0441754 0.0425952 0.0433728 0.0356616 0.0472633 0.0402641 0.0441432 0.0387030 
H6N2.EPI_ISL_16886944.Anseriformes.south_korea.NA.2019-11-27  0.0168055 0.0273021 0.0527302 0.0526819 0.0296079 0.0190683 0.0227750 0.0227706 0.0235259 0.0190473 0.0197859 0.0175548 0.0197935 0.0205509 0.0108974 0.0123479 0.0123479 0.0123565 0.0130805 0.0108911 0.0168172 0.0079591 0.0028853 0.0000010 0.0000000 0.0108902 0.0079592 0.0043356 0.0101723 0.0203902 0.0182053 0.0087849 0.0131307 0.0535715 0.0425905 0.0464436 0.0472337 0.0558637 0.0418189 0.0425649 0.0577408 0.0433642 0.0488091 0.0348411 0.0441754 0.0425952 0.0433728 0.0356616 0.0472633 0.0402641 0.0441432 0.0387030 
H4N2.EPI_ISL_700932.NA.china.NA.2019-10-31                    0.0175570 0.0295865 0.0535513 0.0535021 0.0319051 0.0213198 0.0250382 0.0250334 0.0257936 0.0227909 0.0220363 0.0212872 0.0220448 0.0228077 0.0131076 0.0145609 0.0145609 0.0145711 0.0152964 0.0130999 0.0175692 0.0086928 0.0108923 0.0108902 0.0108902 0.0000000 0.0101535 0.0123699 0.0123810 0.0211713 0.0189872 0.0036479 0.0079964 0.0543951 0.0441616 0.0488108 0.0496058 0.0566907 0.0426181 0.0433651 0.0585757 0.0441663 0.0511881 0.0356253 0.0449797 0.0433959 0.0457276 0.0364486 0.0480730 0.0426037 0.0449469 0.0410352 
H6N2.EPI_ISL_462613.Anseriformes.china.NA.2019-11-19          0.0175381 0.0280430 0.0534891 0.0534401 0.0303513 0.0198039 0.0235122 0.0235077 0.0242637 0.0197821 0.0205209 0.0197746 0.0205289 0.0212872 0.0116252 0.0130756 0.0130756 0.0130847 0.0138087 0.0116184 0.0175503 0.0057757 0.0079615 0.0079592 0.0079592 0.0101535 0.0000000 0.0094273 0.0109000 0.0211477 0.0189660 0.0080451 0.0123881 0.0543317 0.0441118 0.0471977 0.0495486 0.0566246 0.0425701 0.0433163 0.0585068 0.0441165 0.0495652 0.0355862 0.0449289 0.0433471 0.0456759 0.0364084 0.0480185 0.0425565 0.0448962 0.0394515 
H9N2.EPI_ISL_15213974.Anseriformes.south_korea.NA.2021-02-15  0.0183081 0.0288442 0.0543655 0.0543155 0.0311602 0.0205827 0.0227999 0.0242947 0.0235527 0.0205589 0.0212996 0.0205511 0.0213079 0.0220698 0.0123782 0.0138316 0.0138316 0.0138412 0.0145666 0.0123710 0.0183209 0.0094273 0.0028876 0.0043356 0.0043356 0.0123699 0.0094273 0.0000000 0.0116515 0.0219518 0.0197686 0.0102733 0.0146226 0.0536336 0.0434091 0.0464968 0.0504127 0.0559285 0.0434139 0.0441617 0.0578084 0.0449648 0.0488652 0.0364079 0.0457803 0.0441932 0.0449738 0.0364635 0.0488787 0.0418530 0.0457468 0.0402853 
H9N2.EPI_ISL_4071034.Anseriformes.south_korea.NA.2019-02-28   0.0183245 0.0273576 0.0528422 0.0527936 0.0296684 0.0191073 0.0228216 0.0228171 0.0235741 0.0205786 0.0213200 0.0190779 0.0198329 0.0205930 0.0109190 0.0123723 0.0123723 0.0123809 0.0131065 0.0109126 0.0183373 0.0079748 0.0101743 0.0101723 0.0101723 0.0123810 0.0109000 0.0116515 0.0000000 0.0204321 0.0197870 0.0102825 0.0146357 0.0536854 0.0450029 0.0481006 0.0504612 0.0575661 0.0434552 0.0442037 0.0578649 0.0450076 0.0504782 0.0349126 0.0458240 0.0442353 0.0465734 0.0357350 0.0489256 0.0434412 0.0457905 0.0403234 
H9N2.EPI_ISL_13156685.Anseriformes.china.NA.2021-11-23        0.0097342 0.0384533 0.0610969 0.0610386 0.0408935 0.0313704 0.0352600 0.0352527 0.0360527 0.0329029 0.0336787 0.0313212 0.0321212 0.0329270 0.0227268 0.0226943 0.0226943 0.0227107 0.0234626 0.0227130 0.0104957 0.0180828 0.0203943 0.0203902 0.0203902 0.0211713 0.0211477 0.0219518 0.0204321 0.0000000 0.0097944 0.0188571 0.0219494 0.0603407 0.0529093 0.0561398 0.0569720 0.0643749 0.0504809 0.0504538 0.0630268 0.0520988 0.0586270 0.0423662 0.0529560 0.0512945 0.0521097 0.0432367 0.0570083 0.0512777 0.0529268 0.0480194 
H9N2.EPI_ISL_13156588.Charadriiformes.china.NA.2020-09-10     0.0075208 0.0363105 0.0606694 0.0606111 0.0387549 0.0292065 0.0331098 0.0331030 0.0339046 0.0307459 0.0315245 0.0291605 0.0299617 0.0307684 0.0205453 0.0205160 0.0205160 0.0205309 0.0212866 0.0205328 0.0075208 0.0174274 0.0182090 0.0182053 0.0182053 0.0189872 0.0189660 0.0197686 0.0197870 0.0097944 0.0000000 0.0166680 0.0197665 0.0599085 0.0508073 0.0540483 0.0565218 0.0639659 0.0483716 0.0499677 0.0626083 0.0499944 0.0565417 0.0402373 0.0508523 0.0491875 0.0516324 0.0411068 0.0549175 0.0491713 0.0508242 0.0459047 
H4N2.EPI_ISL_17811770.Anseriformes.china.NA.2019-10-31        0.0154931 0.0276025 0.0533235 0.0532740 0.0299347 0.0192769 0.0230245 0.0230200 0.0237838 0.0207614 0.0215094 0.0192481 0.0200099 0.0207759 0.0110155 0.0124816 0.0124816 0.0124904 0.0132223 0.0110091 0.0155040 0.0065746 0.0087875 0.0087849 0.0087849 0.0036479 0.0080451 0.0102733 0.0102825 0.0188571 0.0166680 0.0000000 0.0043818 0.0541752 0.0454106 0.0485371 0.0493397 0.0564936 0.0438485 0.0446038 0.0567578 0.0454154 0.0509372 0.0352262 0.0462397 0.0446359 0.0469959 0.0360567 0.0493702 0.0422708 0.0462056 0.0406873 
H4N2.EPI_ISL_17811772.Anseriformes.china.NA.2019-11-09        0.0198469 0.0288812 0.0576827 0.0576294 0.0312003 0.0221061 0.0243307 0.0243260 0.0250854 0.0220818 0.0228248 0.0220732 0.0228335 0.0235981 0.0153655 0.0168254 0.0168254 0.0168372 0.0175655 0.0153565 0.0198608 0.0109178 0.0131333 0.0131307 0.0131307 0.0079964 0.0123881 0.0146226 0.0146357 0.0219494 0.0197665 0.0043818 0.0000000 0.0569484 0.0497694 0.0528938 0.0536974 0.0608514 0.0482080 0.0481726 0.0587269 0.0497746 0.0552961 0.0395784 0.0506025 0.0489956 0.0513557 0.0404159 0.0537305 0.0466291 0.0505652 0.0450433 
H5N2.EPI_ISL_6780573.Anseriformes.japan.NA.2020-12-15         0.0584538 0.0585508 0.0168379 0.0168229 0.0610301 0.0530220 0.0537454 0.0553153 0.0529612 0.0513840 0.0521562 0.0529386 0.0537554 0.0545803 0.0481489 0.0473034 0.0473034 0.0473372 0.0480784 0.0465581 0.0584969 0.0527581 0.0535824 0.0535715 0.0535715 0.0543951 0.0543317 0.0536336 0.0536854 0.0603407 0.0599085 0.0541752 0.0569484 0.0000000 0.0175732 0.0205424 0.0212942 0.0168328 0.0190620 0.0183073 0.0043587 0.0190620 0.0212737 0.0265312 0.0198226 0.0198087 0.0205563 0.0288406 0.0250526 0.0310766 0.0227968 0.0265258 
H4N2.EPI_ISL_503345.Anseriformes.mongolia.NA.2019-09-12       0.0496979 0.0513501 0.0197852 0.0197676 0.0537885 0.0443293 0.0466105 0.0466001 0.0458353 0.0442780 0.0434879 0.0434882 0.0450608 0.0458681 0.0380165 0.0371990 0.0371990 0.0372253 0.0379618 0.0379932 0.0497342 0.0441115 0.0433683 0.0425905 0.0425905 0.0441616 0.0441118 0.0434091 0.0450029 0.0529093 0.0508073 0.0454106 0.0497694 0.0175732 0.0000000 0.0101734 0.0116445 0.0212693 0.0057960 0.0050656 0.0213764 0.0057961 0.0123823 0.0145813 0.0065295 0.0065249 0.0072548 0.0168243 0.0116490 0.0190295 0.0094468 0.0145784 
H9N2.EPI_ISL_14835568.Anseriformes.south_korea.NA.2021-03-02  0.0528176 0.0544823 0.0227611 0.0227407 0.0569360 0.0474312 0.0481530 0.0512770 0.0473764 0.0473762 0.0481433 0.0473573 0.0481627 0.0489756 0.0410808 0.0402556 0.0402556 0.0402841 0.0410215 0.0395147 0.0528562 0.0471973 0.0464530 0.0464436 0.0464436 0.0488108 0.0471977 0.0464968 0.0481006 0.0561398 0.0540483 0.0485371 0.0528938 0.0205424 0.0101734 0.0000000 0.0153206 0.0227543 0.0116416 0.0109012 0.0243731 0.0116416 0.0036152 0.0205019 0.0123862 0.0123775 0.0131145 0.0227744 0.0175486 0.0249926 0.0153256 0.0204977 
H3N2.EPI_ISL_14776042.Anseriformes.bangladesh.NA.2020-10-22   0.0536200 0.0537082 0.0220198 0.0220001 0.0561585 0.0482270 0.0520885 0.0505067 0.0513073 0.0481710 0.0489390 0.0465899 0.0489589 0.0497735 0.0434120 0.0425803 0.0425803 0.0426106 0.0433490 0.0418382 0.0536592 0.0495482 0.0488026 0.0472337 0.0472337 0.0496058 0.0495486 0.0504127 0.0504612 0.0569720 0.0565218 0.0493397 0.0536974 0.0212942 0.0116445 0.0153206 0.0000000 0.0250069 0.0123797 0.0116378 0.0251333 0.0109106 0.0160691 0.0212521 0.0131259 0.0131167 0.0138548 0.0235291 0.0182954 0.0257496 0.0145912 0.0212478 
H6N2.EPI_ISL_16886900.Anseriformes.south_korea.NA.2022-03-02  0.0623585 0.0648596 0.0175576 0.0175420 0.0673686 0.0584977 0.0608128 0.0623964 0.0600215 0.0584287 0.0592064 0.0584052 0.0592307 0.0600650 0.0520000 0.0511452 0.0511452 0.0511818 0.0519235 0.0503992 0.0624046 0.0550473 0.0558751 0.0558637 0.0558637 0.0566907 0.0566246 0.0559285 0.0575661 0.0643749 0.0639659 0.0564936 0.0608514 0.0168328 0.0212693 0.0227543 0.0250069 0.0000000 0.0227654 0.0220050 0.0206292 0.0227654 0.0250153 0.0317805 0.0235324 0.0235158 0.0242672 0.0341146 0.0287835 0.0363599 0.0265177 0.0317739 
H5N2.EPI_ISL_16839585.NA.south_korea.NA.2018-01-05            0.0473533 0.0513558 0.0183003 0.0182840 0.0537944 0.0443342 0.0481777 0.0481677 0.0474007 0.0442830 0.0434928 0.0442654 0.0450658 0.0458732 0.0380207 0.0372031 0.0372031 0.0372295 0.0379660 0.0379974 0.0473878 0.0425698 0.0418273 0.0418189 0.0418189 0.0426181 0.0425701 0.0434139 0.0434552 0.0504809 0.0483716 0.0438485 0.0482080 0.0190620 0.0057960 0.0116416 0.0123797 0.0227654 0.0000000 0.0050662 0.0228802 0.0043362 0.0138567 0.0145830 0.0050658 0.0050623 0.0057893 0.0168261 0.0116503 0.0190316 0.0094478 0.0145801 
H5N2.EPI_ISL_369324.Anseriformes.south_korea.NA.2017-10-26    0.0488903 0.0497482 0.0190320 0.0190151 0.0521767 0.0427484 0.0465815 0.0465719 0.0458069 0.0426991 0.0419119 0.0426822 0.0434792 0.0442832 0.0372300 0.0364150 0.0364150 0.0364408 0.0371766 0.0372073 0.0489259 0.0433160 0.0425735 0.0425649 0.0425649 0.0433651 0.0433163 0.0441617 0.0442037 0.0504538 0.0499677 0.0446038 0.0481726 0.0183073 0.0050656 0.0109012 0.0116378 0.0220050 0.0050662 0.0000000 0.0221157 0.0050662 0.0131120 0.0138375 0.0057978 0.0057938 0.0050671 0.0160756 0.0109094 0.0182781 0.0087109 0.0138348 
H5N2.EPI_ISL_14867043.Anseriformes.japan.NA.2020-09-01        0.0626836 0.0627886 0.0206343 0.0206158 0.0652996 0.0572044 0.0579302 0.0595153 0.0571383 0.0555448 0.0563237 0.0571136 0.0579409 0.0587770 0.0522685 0.0514087 0.0514087 0.0514456 0.0521911 0.0506588 0.0627302 0.0569171 0.0577527 0.0577408 0.0577408 0.0585757 0.0585068 0.0578084 0.0578649 0.0630268 0.0626083 0.0567578 0.0587269 0.0043587 0.0213764 0.0243731 0.0251333 0.0206292 0.0228802 0.0221157 0.0000000 0.0228802 0.0251087 0.0304201 0.0236515 0.0236345 0.0243899 0.0327577 0.0289298 0.0350110 0.0266520 0.0304138 
H5N2.EPI_ISL_369328.Anseriformes.south_korea.NA.2017-11-15    0.0489154 0.0513555 0.0197874 0.0197698 0.0537941 0.0443340 0.0481774 0.0481675 0.0474005 0.0442827 0.0434926 0.0442652 0.0450655 0.0458730 0.0380205 0.0372030 0.0372030 0.0372293 0.0379659 0.0379973 0.0489511 0.0441162 0.0433729 0.0433642 0.0433642 0.0441663 0.0441165 0.0449648 0.0450076 0.0520988 0.0499944 0.0454154 0.0497746 0.0190620 0.0057961 0.0116416 0.0109106 0.0227654 0.0043362 0.0050662 0.0228802 0.0000000 0.0138567 0.0145830 0.0021661 0.0021646 0.0028880 0.0168261 0.0116503 0.0190316 0.0094478 0.0145801 
H9N2.EPI_ISL_14835569.Anseriformes.south_korea.NA.2021-03-08  0.0552162 0.0568921 0.0250227 0.0250003 0.0593597 0.0498114 0.0521061 0.0536704 0.0513246 0.0497534 0.0505231 0.0497335 0.0505436 0.0513615 0.0434265 0.0425946 0.0425946 0.0426249 0.0433635 0.0418522 0.0552567 0.0495649 0.0488190 0.0488091 0.0488091 0.0511881 0.0495652 0.0488652 0.0504782 0.0586270 0.0565417 0.0509372 0.0552961 0.0212737 0.0123823 0.0036152 0.0160691 0.0250153 0.0138567 0.0131120 0.0251087 0.0138567 0.0000000 0.0227520 0.0146061 0.0145959 0.0153361 0.0250374 0.0197886 0.0272621 0.0160743 0.0227473 
H6N2.EPI_ISL_243648.Anseriformes.netherlands.NA.2011-01-11    0.0395223 0.0411292 0.0287646 0.0287388 0.0435105 0.0342279 0.0380156 0.0380079 0.0387884 0.0357185 0.0349429 0.0341756 0.0349568 0.0357440 0.0280554 0.0272644 0.0272644 0.0272836 0.0280151 0.0280385 0.0395508 0.0340623 0.0348481 0.0348411 0.0348411 0.0356253 0.0355862 0.0364079 0.0349126 0.0423662 0.0402373 0.0352262 0.0395784 0.0265312 0.0145813 0.0205019 0.0212521 0.0317805 0.0145830 0.0138375 0.0304201 0.0145830 0.0227520 0.0000000 0.0153332 0.0153225 0.0160630 0.0036127 0.0197748 0.0116357 0.0182837 0.0087016 
H5N2.EPI_ISL_369335.environment.south_korea.NA.2017-12-06     0.0497403 0.0521870 0.0205487 0.0205304 0.0546319 0.0451508 0.0490014 0.0489913 0.0482229 0.0450985 0.0443064 0.0450806 0.0458831 0.0466927 0.0388216 0.0380013 0.0380013 0.0380282 0.0387657 0.0387978 0.0497766 0.0449286 0.0441843 0.0441754 0.0441754 0.0449797 0.0449289 0.0457803 0.0458240 0.0529560 0.0508523 0.0462397 0.0506025 0.0198226 0.0065295 0.0123862 0.0131259 0.0235324 0.0050658 0.0057978 0.0236515 0.0021661 0.0146061 0.0153332 0.0000000 0.0028900 0.0036149 0.0175820 0.0123955 0.0197910 0.0101885 0.0153302 
H5N2.EPI_ISL_369326.Anseriformes.south_korea.NA.2017-11-13    0.0481386 0.0505747 0.0205342 0.0205159 0.0530094 0.0435606 0.0474007 0.0473909 0.0466246 0.0435103 0.0427212 0.0434931 0.0442921 0.0450982 0.0372564 0.0364408 0.0364408 0.0364666 0.0372030 0.0372337 0.0481737 0.0433468 0.0426038 0.0425952 0.0425952 0.0433959 0.0433471 0.0441932 0.0442353 0.0512945 0.0491875 0.0446359 0.0489956 0.0198087 0.0065249 0.0123775 0.0131167 0.0235158 0.0050623 0.0057938 0.0236345 0.0021646 0.0145959 0.0153225 0.0028900 0.0000000 0.0036124 0.0175696 0.0123868 0.0182907 0.0087169 0.0153194 
H5N2.EPI_ISL_369325.Anseriformes.south_korea.NA.2017-11-06    0.0504919 0.0529411 0.0212821 0.0212631 0.0553884 0.0459016 0.0497533 0.0497430 0.0489745 0.0458484 0.0450557 0.0458302 0.0466335 0.0474440 0.0395668 0.0387450 0.0387450 0.0387725 0.0395097 0.0395425 0.0505288 0.0456756 0.0433816 0.0433728 0.0433728 0.0457276 0.0456759 0.0449738 0.0465734 0.0521097 0.0516324 0.0469959 0.0513557 0.0205563 0.0072548 0.0131145 0.0138548 0.0242672 0.0057893 0.0050671 0.0243899 0.0028880 0.0153361 0.0160630 0.0036149 0.0036124 0.0000000 0.0183141 0.0131243 0.0205234 0.0109160 0.0160598 
H6N2.EPI_ISL_243406.Anseriformes.netherlands.NA.2011-11-04    0.0403584 0.0419714 0.0310831 0.0310551 0.0443609 0.0350502 0.0388480 0.0388401 0.0396232 0.0365442 0.0357661 0.0349965 0.0357804 0.0365703 0.0288573 0.0280638 0.0280638 0.0280836 0.0288165 0.0288399 0.0403876 0.0348801 0.0356688 0.0356616 0.0356616 0.0364486 0.0364084 0.0364635 0.0357350 0.0432367 0.0411068 0.0360567 0.0404159 0.0288406 0.0168243 0.0227744 0.0235291 0.0341146 0.0168261 0.0160756 0.0327577 0.0168261 0.0250374 0.0036127 0.0175820 0.0175696 0.0183141 0.0000000 0.0205516 0.0138632 0.0190561 0.0109129 
H9N2.EPI_ISL_9593366.Anseriformes.iran.NA.2019-10-01          0.0528591 0.0537414 0.0257782 0.0257551 0.0554057 0.0466919 0.0505482 0.0505377 0.0497683 0.0466377 0.0458436 0.0466191 0.0474240 0.0482362 0.0418901 0.0410620 0.0410620 0.0410912 0.0418294 0.0418643 0.0528978 0.0480182 0.0472728 0.0472633 0.0472633 0.0480730 0.0480185 0.0488787 0.0489256 0.0570083 0.0549175 0.0493702 0.0537305 0.0250526 0.0116490 0.0175486 0.0182954 0.0287835 0.0116503 0.0109094 0.0289298 0.0116503 0.0197886 0.0197748 0.0123955 0.0123868 0.0131243 0.0205516 0.0000000 0.0250113 0.0138603 0.0205131 
H10N2.EPI_ISL_207031.Anseriformes.mongolia.NA.2015-08-30      0.0481233 0.0482019 0.0318024 0.0317738 0.0506235 0.0412154 0.0450428 0.0450336 0.0458264 0.0396233 0.0403828 0.0411518 0.0419464 0.0427478 0.0364743 0.0356610 0.0356610 0.0356863 0.0364221 0.0364521 0.0481584 0.0425562 0.0402722 0.0402641 0.0402641 0.0426037 0.0425565 0.0418530 0.0434412 0.0512777 0.0491713 0.0422708 0.0466291 0.0310766 0.0190295 0.0249926 0.0257496 0.0363599 0.0190316 0.0182781 0.0350110 0.0190316 0.0272621 0.0116357 0.0197910 0.0182907 0.0205234 0.0138632 0.0250113 0.0000000 0.0227603 0.0131028 
H4N2.EPI_ISL_18287397.Anseriformes.thailand.NA.2018-11-01     0.0504925 0.0521484 0.0235229 0.0235019 0.0545914 0.0451178 0.0489654 0.0489553 0.0481875 0.0450655 0.0442741 0.0450477 0.0458495 0.0466585 0.0387935 0.0379738 0.0379738 0.0380008 0.0387377 0.0387697 0.0505294 0.0448959 0.0441521 0.0441432 0.0441432 0.0449469 0.0448962 0.0457468 0.0457905 0.0529268 0.0508242 0.0462056 0.0505652 0.0227968 0.0094468 0.0153256 0.0145912 0.0265177 0.0094478 0.0087109 0.0266520 0.0094478 0.0160743 0.0182837 0.0101885 0.0087169 0.0109160 0.0190561 0.0138603 0.0227603 0.0000000 0.0182800 
H6N2.EPI_ISL_244552.Anseriformes.china.NA.2014-12-22          0.0449790 0.0466102 0.0287587 0.0287329 0.0490221 0.0396446 0.0434621 0.0434532 0.0426911 0.0395991 0.0388168 0.0395835 0.0403750 0.0411729 0.0333968 0.0325920 0.0325920 0.0326150 0.0333492 0.0333765 0.0450117 0.0394512 0.0387108 0.0387030 0.0387030 0.0410352 0.0394515 0.0402853 0.0403234 0.0480194 0.0459047 0.0406873 0.0450433 0.0265258 0.0145784 0.0204977 0.0212478 0.0317739 0.0145801 0.0138348 0.0304138 0.0145801 0.0227473 0.0087016 0.0153302 0.0153194 0.0160598 0.0109129 0.0205131 0.0131028 0.0182800 0.0000000 
