83
H5N6.EPI_ISL_6759148.Anseriformes.china.61.2021-06        0.0000000 0.0474220 0.0602525 0.0022107 0.0458268 0.0388025 0.0029480 0.0059221 0.0029500 0.0467024 0.0586328 0.0450953 0.0627110 0.0627110 0.0458543 0.0427132 0.0450264 0.0442372 0.0611361 0.0498265 0.0051700 0.0466707 0.0594383 0.0466378 0.0628004 0.0126336 0.0379835 0.0332727 0.0332727 0.0293857 0.0317337 0.0316941 0.0371615 0.0247770 0.0232468 0.0240228 0.0247703 0.0247703 0.0255875 0.0278554 0.0240389 0.0186765 0.0240096 0.0247738 0.0271370 0.0411119 0.0403240 0.0387696 0.0411356 0.0411356 0.0450895 0.0450703 0.0458462 0.0586328 0.0586086 0.0594223 0.0545531 0.0545531 0.0545447 0.0537920 0.0642340 0.0530758 0.0634671 0.0634671 0.0513215 0.0537093 0.0521317 0.0501064 0.0498325 0.0022107 0.0029507 0.0029507 0.0051686 0.0051686 0.0059149 0.0059196 0.0088891 0.0088891 0.0096350 0.0209741 0.0096375 0.0248248 0.0248002 
H5N6.EPI_ISL_7983813.NA.china.73.2021-12-22               0.0474220 0.0000000 0.0676835 0.0466367 0.0103436 0.0490835 0.0458275 0.0483212 0.0474410 0.0563088 0.0676749 0.0554747 0.0701767 0.0701767 0.0014675 0.0522523 0.0133399 0.0118433 0.0686093 0.0140865 0.0498127 0.0022036 0.0684924 0.0007333 0.0703005 0.0474222 0.0482419 0.0418751 0.0418751 0.0379731 0.0387541 0.0403133 0.0442397 0.0262976 0.0262943 0.0270750 0.0278235 0.0278235 0.0341336 0.0340949 0.0247381 0.0301784 0.0317439 0.0278274 0.0341518 0.0103559 0.0125937 0.0125970 0.0133504 0.0133504 0.0036766 0.0036751 0.0058879 0.0676749 0.0643895 0.0652125 0.0602884 0.0602884 0.0602788 0.0595233 0.0683563 0.0580103 0.0709361 0.0709361 0.0570194 0.0586350 0.0578395 0.0550350 0.0133415 0.0466367 0.0474541 0.0474543 0.0482129 0.0482129 0.0434641 0.0434998 0.0522149 0.0522149 0.0530129 0.0325308 0.0411080 0.0255223 0.0254981 
H5N6.EPI_ISL_16208999.NA.china.126.2021-09-19             0.0602525 0.0676835 0.0000000 0.0594535 0.0644069 0.0546417 0.0602334 0.0587657 0.0586655 0.0627349 0.0014734 0.0610812 0.0036919 0.0036919 0.0660723 0.0610526 0.0660256 0.0643873 0.0051777 0.0701779 0.0626919 0.0669259 0.0022113 0.0668776 0.0051812 0.0578373 0.0553868 0.0481575 0.0481575 0.0441747 0.0465891 0.0465310 0.0521324 0.0434789 0.0419008 0.0427101 0.0434668 0.0434668 0.0427111 0.0340332 0.0435332 0.0418773 0.0426864 0.0434733 0.0395499 0.0611715 0.0603574 0.0603728 0.0612085 0.0612085 0.0669259 0.0668969 0.0644348 0.0014734 0.0088963 0.0111397 0.0111411 0.0111411 0.0126386 0.0126506 0.0141333 0.0119231 0.0156458 0.0156458 0.0141464 0.0148991 0.0149030 0.0104658 0.0652855 0.0594535 0.0602938 0.0602938 0.0610581 0.0610581 0.0554136 0.0554597 0.0651440 0.0651440 0.0659576 0.0442844 0.0514217 0.0443589 0.0443153 
H5N6.EPI_ISL_3090099.NA.china.61.2021-07-03               0.0022107 0.0466367 0.0594535 0.0000000 0.0450433 0.0403748 0.0022091 0.0051797 0.0022116 0.0482948 0.0594459 0.0466828 0.0619090 0.0619090 0.0450703 0.0435060 0.0442439 0.0434556 0.0619535 0.0490384 0.0044296 0.0458855 0.0602525 0.0458532 0.0636206 0.0118855 0.0395523 0.0340522 0.0340522 0.0301596 0.0325115 0.0324709 0.0379460 0.0240160 0.0224874 0.0232623 0.0240096 0.0240096 0.0248244 0.0270910 0.0232778 0.0179220 0.0232495 0.0240129 0.0263720 0.0403330 0.0395461 0.0379929 0.0403563 0.0403563 0.0443059 0.0442871 0.0450624 0.0594459 0.0578117 0.0586245 0.0537611 0.0537611 0.0537527 0.0530001 0.0634316 0.0522835 0.0626651 0.0626651 0.0505333 0.0529188 0.0513425 0.0493138 0.0490442 0.0014732 0.0022121 0.0022121 0.0044284 0.0044284 0.0051734 0.0051776 0.0081449 0.0081449 0.0088902 0.0202165 0.0088925 0.0240623 0.0240385 
H5N6.EPI_ISL_3770740.NA.china.73.2021-07-14               0.0458268 0.0103436 0.0644069 0.0450433 0.0000000 0.0458989 0.0442369 0.0467203 0.0458451 0.0530870 0.0643987 0.0522589 0.0668862 0.0668862 0.0088589 0.0490536 0.0103504 0.0088610 0.0653231 0.0110940 0.0482109 0.0096074 0.0652122 0.0096009 0.0670038 0.0442505 0.0450644 0.0371722 0.0371722 0.0332962 0.0340716 0.0371772 0.0395197 0.0232348 0.0232318 0.0240073 0.0247543 0.0247543 0.0310217 0.0294430 0.0216861 0.0270923 0.0286491 0.0247578 0.0294918 0.0073792 0.0096072 0.0096097 0.0103585 0.0103585 0.0081206 0.0081173 0.0088576 0.0643987 0.0611305 0.0619490 0.0570518 0.0570518 0.0570429 0.0562883 0.0650830 0.0547774 0.0676447 0.0676447 0.0538013 0.0554086 0.0530175 0.0518027 0.0051559 0.0450433 0.0458577 0.0458580 0.0466158 0.0466158 0.0418795 0.0419139 0.0506064 0.0506064 0.0514024 0.0294312 0.0379673 0.0224643 0.0224430 
H5N6.EPI_ISL_6757629.Anseriformes.china.290.2021-03       0.0388025 0.0490835 0.0546417 0.0403748 0.0458989 0.0000000 0.0411422 0.0428152 0.0411710 0.0119103 0.0538344 0.0104048 0.0570785 0.0570785 0.0475101 0.0194632 0.0443133 0.0427305 0.0555048 0.0499055 0.0427370 0.0483307 0.0546347 0.0482965 0.0571523 0.0388036 0.0066638 0.0126400 0.0126400 0.0171800 0.0164238 0.0194500 0.0217297 0.0232818 0.0232789 0.0240560 0.0248046 0.0248046 0.0248494 0.0240264 0.0248422 0.0248210 0.0256010 0.0248081 0.0233039 0.0411761 0.0403869 0.0403973 0.0411999 0.0411999 0.0467432 0.0467233 0.0475017 0.0538344 0.0530133 0.0554195 0.0489931 0.0489931 0.0489855 0.0482340 0.0585982 0.0475151 0.0594422 0.0594422 0.0457903 0.0481602 0.0465928 0.0445447 0.0499114 0.0403748 0.0411823 0.0411825 0.0419394 0.0419394 0.0364496 0.0364794 0.0459060 0.0459060 0.0466976 0.0271524 0.0341148 0.0256301 0.0256055 
H5N6.EPI_ISL_6758007.Anseriformes.china.61.2021-04        0.0029480 0.0458275 0.0602334 0.0022091 0.0442369 0.0411422 0.0000000 0.0059205 0.0029492 0.0490680 0.0602258 0.0474545 0.0626910 0.0626910 0.0442634 0.0442752 0.0434389 0.0426519 0.0619357 0.0482251 0.0051686 0.0450768 0.0610329 0.0450451 0.0636023 0.0111323 0.0403184 0.0348137 0.0348137 0.0309179 0.0332721 0.0332306 0.0387102 0.0247700 0.0232403 0.0240160 0.0247633 0.0247633 0.0255792 0.0278475 0.0240321 0.0186713 0.0240029 0.0247668 0.0271292 0.0395338 0.0403120 0.0387580 0.0411233 0.0411233 0.0434997 0.0434813 0.0442557 0.0602258 0.0585902 0.0594036 0.0545362 0.0545362 0.0545277 0.0537753 0.0642135 0.0522687 0.0634469 0.0634469 0.0513057 0.0536927 0.0521156 0.0492999 0.0482309 0.0022091 0.0029499 0.0029499 0.0051672 0.0051672 0.0059133 0.0059180 0.0088866 0.0088866 0.0096324 0.0209682 0.0096348 0.0248167 0.0247932 
H5N6.EPI_ISL_6760430.Anseriformes.china.61.2021-07        0.0059221 0.0483212 0.0587657 0.0051797 0.0467203 0.0428152 0.0059205 0.0000000 0.0029528 0.0507797 0.0587582 0.0491575 0.0612232 0.0612232 0.0467484 0.0459624 0.0459169 0.0451250 0.0612673 0.0507345 0.0081581 0.0475681 0.0595655 0.0475345 0.0629355 0.0156715 0.0419859 0.0364533 0.0364533 0.0325388 0.0349049 0.0348621 0.0403682 0.0263609 0.0248240 0.0256051 0.0263538 0.0263538 0.0271781 0.0294545 0.0256225 0.0202335 0.0255901 0.0263575 0.0287351 0.0419894 0.0411988 0.0396393 0.0420138 0.0420138 0.0459814 0.0459619 0.0467401 0.0587582 0.0571227 0.0579362 0.0530687 0.0530687 0.0530605 0.0523066 0.0627484 0.0515883 0.0619806 0.0619806 0.0498385 0.0522262 0.0506482 0.0486128 0.0507405 0.0051797 0.0059259 0.0059260 0.0066659 0.0066659 0.0089094 0.0089165 0.0104027 0.0104027 0.0111518 0.0225425 0.0126555 0.0264123 0.0263869 
H5N6.EPI_ISL_6760682.Galliformes.china.61.2021-07         0.0029500 0.0474410 0.0586655 0.0022116 0.0458451 0.0411710 0.0029492 0.0029528 0.0000000 0.0491027 0.0586580 0.0474880 0.0611186 0.0611186 0.0458727 0.0443063 0.0450444 0.0442549 0.0611624 0.0498465 0.0051720 0.0466894 0.0594639 0.0466565 0.0628276 0.0126386 0.0403466 0.0348378 0.0348378 0.0309391 0.0332952 0.0332544 0.0387372 0.0247868 0.0232560 0.0240323 0.0247801 0.0247801 0.0255978 0.0278664 0.0240484 0.0186840 0.0240192 0.0247837 0.0271479 0.0411283 0.0403402 0.0387851 0.0411521 0.0411521 0.0451075 0.0450884 0.0458646 0.0586580 0.0570255 0.0578375 0.0529788 0.0529788 0.0529706 0.0522180 0.0626411 0.0515008 0.0618746 0.0618746 0.0497543 0.0521378 0.0505626 0.0485302 0.0498524 0.0022116 0.0029519 0.0029519 0.0051707 0.0051707 0.0059173 0.0059220 0.0088926 0.0088926 0.0096389 0.0209824 0.0096413 0.0248347 0.0248101 
H5N6.EPI_ISL_6760686.Galliformes.china.291.2021-06        0.0467024 0.0563088 0.0627349 0.0482948 0.0530870 0.0119103 0.0490680 0.0507797 0.0491027 0.0000000 0.0619168 0.0014747 0.0652059 0.0652059 0.0547203 0.0255798 0.0514834 0.0498819 0.0636174 0.0571438 0.0506863 0.0555539 0.0627269 0.0555142 0.0652909 0.0467038 0.0126496 0.0201973 0.0201973 0.0248001 0.0240351 0.0270957 0.0294020 0.0309829 0.0309789 0.0317696 0.0325216 0.0325216 0.0325801 0.0317297 0.0325707 0.0325436 0.0333373 0.0325264 0.0310129 0.0483137 0.0475155 0.0475277 0.0483422 0.0483422 0.0539487 0.0539256 0.0547103 0.0619168 0.0610823 0.0619001 0.0570066 0.0570066 0.0569977 0.0562436 0.0667322 0.0555278 0.0675916 0.0675916 0.0537585 0.0561570 0.0545730 0.0525557 0.0571504 0.0482948 0.0491164 0.0491165 0.0498771 0.0498771 0.0427426 0.0443558 0.0538960 0.0538960 0.0546973 0.0349103 0.0419566 0.0333742 0.0333419 
H5N6.EPI_ISL_6760687.Anseriformes.china.126.2021-08       0.0586328 0.0676749 0.0014734 0.0594459 0.0643987 0.0538344 0.0602258 0.0587582 0.0586580 0.0619168 0.0000000 0.0602657 0.0036914 0.0036914 0.0660638 0.0610448 0.0660172 0.0643791 0.0036939 0.0701690 0.0626839 0.0669174 0.0007357 0.0668690 0.0036964 0.0578299 0.0545794 0.0481513 0.0481513 0.0441691 0.0465831 0.0465251 0.0521258 0.0434733 0.0418954 0.0427047 0.0434612 0.0434612 0.0427056 0.0340289 0.0435276 0.0418719 0.0426809 0.0434677 0.0395449 0.0611637 0.0603497 0.0603651 0.0612007 0.0612007 0.0669174 0.0668883 0.0644266 0.0000010 0.0088952 0.0111383 0.0111397 0.0111397 0.0126370 0.0126490 0.0141315 0.0119215 0.0156438 0.0156438 0.0141446 0.0148972 0.0149011 0.0104644 0.0652772 0.0594459 0.0602861 0.0602861 0.0610503 0.0610503 0.0554066 0.0554526 0.0651357 0.0651357 0.0659491 0.0442787 0.0514151 0.0443532 0.0443096 
H5N6.EPI_ISL_6772738.Galliformes.china.127.2021-08        0.0450953 0.0554747 0.0610812 0.0466828 0.0522589 0.0104048 0.0474545 0.0491575 0.0474880 0.0014747 0.0602657 0.0000000 0.0635441 0.0635441 0.0538888 0.0240359 0.0506581 0.0490596 0.0619593 0.0563078 0.0490673 0.0547204 0.0610734 0.0546815 0.0636267 0.0450965 0.0111435 0.0186710 0.0186710 0.0232591 0.0224962 0.0255486 0.0278485 0.0294230 0.0294192 0.0302068 0.0309578 0.0309578 0.0310134 0.0301680 0.0310044 0.0309787 0.0317693 0.0309623 0.0294514 0.0474937 0.0466969 0.0467088 0.0475216 0.0475216 0.0531181 0.0530954 0.0538790 0.0602657 0.0594343 0.0602495 0.0553718 0.0553718 0.0553631 0.0546099 0.0650683 0.0538938 0.0659242 0.0659242 0.0521344 0.0545259 0.0529461 0.0509233 0.0563144 0.0466828 0.0475011 0.0475013 0.0482608 0.0482608 0.0427193 0.0427544 0.0522673 0.0522673 0.0530663 0.0333370 0.0403632 0.0318044 0.0317737 
H5N6.EPI_ISL_6772898.Anseriformes.china.209.2021-08       0.0627110 0.0701767 0.0036919 0.0619090 0.0668862 0.0570785 0.0626910 0.0612232 0.0611186 0.0652059 0.0036914 0.0635441 0.0000000 0.0000010 0.0685597 0.0635140 0.0685113 0.0668658 0.0074125 0.0726827 0.0651607 0.0694182 0.0044321 0.0693679 0.0074175 0.0602861 0.0578241 0.0505630 0.0505630 0.0465624 0.0489890 0.0489277 0.0545540 0.0458688 0.0442841 0.0450979 0.0458559 0.0458559 0.0450990 0.0363818 0.0459263 0.0442592 0.0450728 0.0458629 0.0419241 0.0636381 0.0628206 0.0628366 0.0636768 0.0636768 0.0694182 0.0693880 0.0669153 0.0036914 0.0111441 0.0133963 0.0133980 0.0133980 0.0149008 0.0149150 0.0163999 0.0141890 0.0164083 0.0164083 0.0164152 0.0171707 0.0171753 0.0127358 0.0677709 0.0619090 0.0627541 0.0627541 0.0635197 0.0635197 0.0578520 0.0579002 0.0676234 0.0676234 0.0684403 0.0466784 0.0538443 0.0467572 0.0467110 
H5N6.EPI_ISL_7457654.Galliformes.china.209.2021-08        0.0627110 0.0701767 0.0036919 0.0619090 0.0668862 0.0570785 0.0626910 0.0612232 0.0611186 0.0652059 0.0036914 0.0635441 0.0000010 0.0000000 0.0685597 0.0635140 0.0685113 0.0668658 0.0074125 0.0726827 0.0651607 0.0694182 0.0044321 0.0693679 0.0074175 0.0602861 0.0578241 0.0505630 0.0505630 0.0465624 0.0489890 0.0489277 0.0545540 0.0458688 0.0442841 0.0450979 0.0458559 0.0458559 0.0450990 0.0363818 0.0459263 0.0442592 0.0450728 0.0458629 0.0419241 0.0636381 0.0628206 0.0628366 0.0636768 0.0636768 0.0694182 0.0693880 0.0669153 0.0036914 0.0111441 0.0133963 0.0133980 0.0133980 0.0149008 0.0149150 0.0163999 0.0141890 0.0164083 0.0164083 0.0164152 0.0171707 0.0171753 0.0127358 0.0677709 0.0619090 0.0627541 0.0627541 0.0635197 0.0635197 0.0578520 0.0579002 0.0676234 0.0676234 0.0684403 0.0466784 0.0538443 0.0467572 0.0467110 
H5N6.EPI_ISL_8517999.environment.china.73.2021-12-23      0.0458543 0.0014675 0.0660723 0.0450703 0.0088589 0.0475101 0.0442634 0.0467484 0.0458727 0.0547203 0.0660638 0.0538888 0.0685597 0.0685597 0.0000000 0.0506734 0.0118482 0.0103546 0.0669938 0.0125936 0.0482400 0.0007339 0.0668798 0.0007335 0.0686805 0.0458545 0.0466716 0.0403191 0.0403191 0.0364242 0.0372036 0.0387601 0.0426790 0.0247747 0.0247715 0.0255500 0.0262980 0.0262980 0.0325897 0.0325528 0.0232199 0.0286460 0.0302074 0.0263018 0.0326070 0.0088694 0.0111032 0.0111061 0.0118580 0.0118580 0.0022042 0.0022033 0.0044124 0.0660638 0.0627855 0.0636066 0.0586936 0.0586936 0.0586844 0.0579290 0.0667470 0.0564164 0.0693190 0.0693190 0.0554324 0.0570446 0.0562503 0.0534401 0.0118497 0.0450703 0.0458853 0.0458855 0.0466438 0.0466438 0.0419044 0.0419389 0.0506371 0.0506371 0.0514336 0.0309923 0.0395529 0.0240014 0.0239787 
H5N6.EPI_ISL_11208193.Anseriformes.china.213.2021-10-19   0.0427132 0.0522523 0.0610526 0.0435060 0.0490536 0.0194632 0.0442752 0.0459624 0.0443063 0.0255798 0.0610448 0.0240359 0.0635140 0.0635140 0.0506734 0.0000000 0.0474611 0.0458712 0.0635596 0.0530795 0.0458783 0.0514991 0.0618530 0.0514625 0.0652313 0.0419280 0.0171732 0.0171523 0.0171523 0.0217267 0.0209657 0.0240103 0.0263043 0.0278717 0.0278681 0.0286526 0.0294028 0.0294028 0.0294562 0.0286171 0.0294477 0.0294224 0.0302110 0.0294070 0.0278992 0.0443117 0.0435191 0.0435302 0.0443375 0.0443375 0.0499049 0.0498836 0.0506643 0.0610448 0.0577991 0.0602213 0.0553464 0.0553464 0.0553378 0.0545850 0.0634158 0.0538693 0.0658927 0.0658927 0.0521109 0.0545011 0.0529221 0.0509003 0.0530857 0.0435060 0.0443185 0.0443187 0.0450766 0.0450766 0.0395633 0.0395958 0.0490613 0.0490613 0.0498562 0.0317737 0.0387807 0.0302443 0.0302151 
H5N6.EPI_ISL_11208194.Anseriformes.china.213.2021-10-18   0.0450264 0.0133399 0.0660256 0.0442439 0.0103504 0.0443133 0.0434389 0.0459169 0.0450444 0.0514834 0.0660172 0.0506581 0.0685113 0.0685113 0.0118482 0.0474611 0.0000000 0.0044158 0.0669464 0.0125984 0.0474071 0.0126023 0.0668326 0.0125937 0.0686319 0.0418805 0.0434823 0.0371668 0.0371668 0.0332914 0.0340667 0.0356155 0.0395140 0.0232318 0.0232288 0.0240042 0.0247511 0.0247511 0.0294719 0.0309828 0.0216833 0.0270889 0.0286455 0.0247546 0.0310343 0.0058963 0.0096059 0.0096084 0.0103571 0.0103571 0.0111077 0.0111031 0.0118464 0.0660172 0.0627413 0.0635618 0.0586524 0.0586524 0.0586432 0.0578883 0.0650737 0.0563768 0.0692700 0.0692700 0.0553936 0.0577989 0.0562109 0.0534025 0.0140976 0.0442439 0.0450568 0.0450570 0.0458143 0.0458143 0.0410847 0.0411184 0.0497991 0.0497991 0.0505940 0.0294274 0.0371778 0.0224614 0.0224401 
H5N6.EPI_ISL_11208195.Anseriformes.china.73.2021-12-02    0.0442372 0.0118433 0.0643873 0.0434556 0.0088610 0.0427305 0.0426519 0.0451250 0.0442549 0.0498819 0.0643791 0.0490596 0.0668658 0.0668658 0.0103546 0.0458712 0.0044158 0.0000000 0.0653032 0.0125967 0.0466150 0.0111061 0.0651924 0.0110986 0.0669832 0.0426650 0.0419030 0.0356048 0.0356048 0.0317381 0.0309655 0.0340570 0.0363882 0.0217061 0.0217033 0.0224761 0.0232223 0.0232223 0.0294676 0.0294344 0.0201630 0.0255521 0.0271030 0.0232255 0.0294832 0.0044169 0.0081182 0.0081203 0.0088668 0.0088668 0.0096150 0.0096110 0.0103531 0.0643791 0.0611120 0.0619302 0.0570346 0.0570346 0.0570257 0.0562714 0.0650632 0.0547609 0.0676240 0.0676240 0.0537851 0.0561846 0.0546000 0.0517871 0.0125983 0.0434556 0.0442671 0.0442673 0.0450243 0.0450243 0.0403004 0.0403334 0.0490039 0.0490039 0.0497978 0.0278833 0.0363980 0.0209381 0.0209183 
H5N6.EPI_ISL_11208196.Anseriformes.china.126.2021-12-01   0.0611361 0.0686093 0.0051777 0.0619535 0.0653231 0.0555048 0.0619357 0.0612673 0.0611624 0.0636174 0.0036939 0.0619593 0.0074125 0.0074125 0.0669938 0.0635596 0.0669464 0.0653032 0.0000000 0.0711114 0.0652076 0.0678504 0.0044351 0.0678012 0.0014747 0.0603293 0.0570613 0.0505989 0.0505989 0.0465954 0.0490238 0.0489624 0.0545929 0.0451176 0.0435334 0.0443467 0.0451050 0.0451050 0.0451310 0.0364074 0.0451742 0.0442905 0.0451048 0.0451118 0.0419538 0.0620787 0.0620637 0.0620796 0.0629192 0.0629192 0.0678504 0.0678208 0.0653515 0.0036939 0.0126524 0.0149112 0.0149131 0.0149131 0.0164200 0.0164357 0.0179227 0.0149462 0.0194472 0.0194472 0.0179394 0.0186970 0.0187020 0.0134944 0.0662052 0.0619535 0.0627992 0.0627992 0.0635654 0.0635654 0.0578935 0.0579417 0.0676722 0.0676722 0.0684897 0.0467116 0.0538827 0.0460043 0.0459589 
H5N6.EPI_ISL_11208197.Anseriformes.china.73.2021-12-01    0.0498265 0.0140865 0.0701779 0.0490384 0.0110940 0.0499055 0.0482251 0.0507345 0.0498465 0.0571438 0.0701690 0.0563078 0.0726827 0.0726827 0.0125936 0.0530795 0.0125984 0.0125967 0.0711114 0.0000000 0.0522272 0.0133488 0.0709899 0.0133398 0.0728114 0.0482400 0.0490616 0.0426830 0.0426830 0.0387747 0.0395570 0.0395522 0.0450518 0.0270778 0.0270743 0.0278568 0.0286059 0.0286059 0.0349300 0.0348903 0.0255148 0.0309661 0.0325347 0.0286100 0.0349486 0.0111072 0.0133485 0.0133519 0.0141069 0.0141069 0.0118528 0.0118480 0.0125918 0.0701690 0.0668692 0.0659888 0.0627493 0.0627493 0.0627393 0.0619827 0.0708484 0.0604676 0.0734432 0.0734432 0.0594651 0.0610875 0.0602892 0.0574907 0.0148454 0.0490384 0.0498604 0.0498605 0.0506206 0.0506206 0.0458524 0.0458903 0.0546396 0.0546396 0.0554408 0.0333234 0.0419150 0.0263009 0.0262759 
H5N6.EPI_ISL_11208198.Anseriformes.china.61.2021-11-02    0.0051700 0.0498127 0.0626919 0.0044296 0.0482109 0.0427370 0.0051686 0.0081581 0.0051720 0.0506863 0.0626839 0.0490673 0.0651607 0.0651607 0.0482400 0.0458783 0.0474071 0.0466150 0.0652076 0.0522272 0.0000000 0.0490607 0.0634943 0.0490260 0.0668849 0.0148909 0.0419094 0.0363872 0.0363872 0.0317062 0.0340653 0.0340236 0.0395123 0.0270806 0.0255447 0.0263247 0.0270733 0.0270733 0.0278982 0.0301711 0.0263423 0.0209571 0.0263102 0.0270772 0.0294544 0.0434793 0.0426885 0.0411290 0.0435046 0.0435046 0.0474737 0.0474535 0.0482314 0.0626839 0.0610407 0.0618578 0.0569684 0.0569684 0.0569595 0.0562061 0.0666857 0.0554908 0.0659176 0.0659176 0.0537230 0.0561195 0.0545369 0.0525209 0.0522334 0.0029499 0.0051733 0.0036913 0.0059117 0.0059117 0.0081482 0.0081547 0.0096375 0.0096375 0.0103844 0.0232653 0.0118837 0.0271331 0.0271061 
H5N6.EPI_ISL_11208199.Anseriformes.china.73.2021-12-03    0.0466707 0.0022036 0.0669259 0.0458855 0.0096074 0.0483307 0.0450768 0.0475681 0.0466894 0.0555539 0.0669174 0.0547204 0.0694182 0.0694182 0.0007339 0.0514991 0.0126023 0.0111061 0.0678504 0.0133488 0.0490607 0.0000000 0.0677348 0.0014685 0.0695407 0.0466709 0.0474899 0.0411255 0.0411255 0.0372243 0.0380050 0.0395640 0.0434895 0.0255532 0.0255500 0.0263301 0.0270789 0.0270789 0.0333845 0.0333467 0.0239950 0.0294322 0.0309968 0.0270827 0.0334023 0.0096188 0.0118562 0.0118592 0.0126122 0.0126122 0.0029421 0.0029409 0.0051533 0.0669174 0.0636330 0.0644556 0.0595333 0.0595333 0.0595239 0.0587679 0.0676001 0.0572540 0.0701781 0.0701781 0.0562657 0.0578808 0.0570853 0.0542761 0.0126038 0.0458855 0.0467023 0.0467025 0.0474615 0.0474615 0.0427139 0.0427491 0.0514622 0.0514622 0.0522600 0.0317833 0.0403583 0.0247784 0.0247549 
H5N6.EPI_ISL_11208200.Anseriformes.china.126.2021-12-08   0.0594383 0.0684924 0.0022113 0.0602525 0.0652122 0.0546347 0.0610329 0.0595655 0.0594639 0.0627269 0.0007357 0.0610734 0.0044321 0.0044321 0.0668798 0.0618530 0.0668326 0.0651924 0.0044351 0.0709899 0.0634943 0.0677348 0.0000000 0.0676858 0.0044381 0.0586346 0.0553797 0.0489433 0.0489433 0.0449559 0.0473735 0.0473144 0.0513301 0.0442609 0.0426811 0.0434917 0.0442486 0.0442486 0.0434927 0.0348044 0.0443163 0.0426572 0.0434675 0.0442553 0.0403280 0.0619736 0.0611586 0.0611742 0.0620111 0.0620111 0.0677348 0.0677054 0.0652405 0.0007357 0.0096416 0.0118873 0.0118888 0.0118888 0.0133876 0.0134003 0.0148833 0.0126735 0.0163977 0.0163977 0.0148972 0.0156505 0.0156547 0.0112180 0.0660926 0.0602525 0.0610941 0.0610941 0.0618586 0.0618586 0.0562082 0.0562549 0.0659491 0.0659491 0.0667636 0.0450676 0.0522122 0.0451434 0.0450990 
H5N6.EPI_ISL_8518268.Galliformes.china.73.2021-12-23      0.0466378 0.0007333 0.0668776 0.0458532 0.0096009 0.0482965 0.0450451 0.0475345 0.0466565 0.0555142 0.0668690 0.0546815 0.0693679 0.0693679 0.0007335 0.0514625 0.0125937 0.0110986 0.0678012 0.0133398 0.0490260 0.0014685 0.0676858 0.0000000 0.0694902 0.0466380 0.0474564 0.0410967 0.0410967 0.0371984 0.0379785 0.0395364 0.0434590 0.0255358 0.0255326 0.0263122 0.0270604 0.0270604 0.0333613 0.0333236 0.0239787 0.0294119 0.0309753 0.0270643 0.0333791 0.0096124 0.0118482 0.0118512 0.0126037 0.0126037 0.0029401 0.0029389 0.0051499 0.0668690 0.0635872 0.0644092 0.0594907 0.0594907 0.0594813 0.0587258 0.0675513 0.0572130 0.0701272 0.0701272 0.0562256 0.0578395 0.0570446 0.0542373 0.0125953 0.0458532 0.0466694 0.0466696 0.0474280 0.0474280 0.0426840 0.0427191 0.0514257 0.0514257 0.0522229 0.0317613 0.0403301 0.0247616 0.0247381 
H5N6.EPI_ISL_16466440.NA.china.126.2022-11-11             0.0628004 0.0703005 0.0051812 0.0636206 0.0670038 0.0571523 0.0636023 0.0629355 0.0628276 0.0652909 0.0036964 0.0636267 0.0074175 0.0074175 0.0686805 0.0652313 0.0686319 0.0669832 0.0014747 0.0728114 0.0668849 0.0695407 0.0044381 0.0694902 0.0000000 0.0619913 0.0587121 0.0522281 0.0522281 0.0482111 0.0506486 0.0505850 0.0562343 0.0467324 0.0451433 0.0459598 0.0467193 0.0467193 0.0467463 0.0379930 0.0467912 0.0459015 0.0467191 0.0467264 0.0435587 0.0637496 0.0637341 0.0637505 0.0645934 0.0645934 0.0695407 0.0695104 0.0670329 0.0036964 0.0126609 0.0149213 0.0149231 0.0149231 0.0164311 0.0164468 0.0179348 0.0149563 0.0194604 0.0194604 0.0179515 0.0187097 0.0187147 0.0135035 0.0678902 0.0636206 0.0644699 0.0644698 0.0652372 0.0652372 0.0595475 0.0595972 0.0693576 0.0693576 0.0701777 0.0483316 0.0555246 0.0476251 0.0475780 
H5N6.EPI_ISL_china_1.Galliformes.china.314.2022-02-28     0.0126336 0.0474222 0.0578373 0.0118855 0.0442505 0.0388036 0.0111323 0.0156715 0.0126386 0.0467038 0.0578299 0.0450965 0.0602861 0.0602861 0.0458545 0.0419280 0.0418805 0.0426650 0.0603293 0.0482400 0.0148909 0.0466709 0.0586346 0.0466380 0.0619913 0.0000000 0.0379846 0.0324993 0.0324993 0.0286171 0.0309617 0.0309232 0.0363838 0.0224880 0.0209631 0.0217354 0.0224820 0.0224820 0.0217643 0.0255552 0.0217499 0.0164089 0.0217235 0.0224851 0.0248350 0.0395459 0.0387599 0.0372085 0.0395686 0.0395686 0.0450897 0.0450706 0.0458464 0.0578299 0.0562003 0.0570109 0.0521606 0.0521606 0.0521525 0.0514004 0.0618075 0.0506832 0.0610417 0.0610417 0.0489418 0.0513216 0.0497486 0.0477137 0.0482458 0.0118855 0.0126418 0.0126419 0.0148869 0.0148869 0.0081462 0.0081527 0.0186692 0.0186692 0.0194266 0.0186966 0.0103845 0.0225303 0.0225091 
H5N6.EPI_ISL_16886862.Rodentia.china.309.2021-10-01       0.0379835 0.0482419 0.0553868 0.0395523 0.0450644 0.0066638 0.0403184 0.0419859 0.0403466 0.0126496 0.0545794 0.0111435 0.0578241 0.0578241 0.0466716 0.0171732 0.0434823 0.0419030 0.0570613 0.0490616 0.0419094 0.0474899 0.0553797 0.0474564 0.0587121 0.0379846 0.0000000 0.0117067 0.0117067 0.0161697 0.0161673 0.0184019 0.0206433 0.0229222 0.0229193 0.0236840 0.0244211 0.0244211 0.0244645 0.0244044 0.0244566 0.0244371 0.0244468 0.0244245 0.0244500 0.0405308 0.0397544 0.0397645 0.0405539 0.0405539 0.0452346 0.0459881 0.0475408 0.0569971 0.0561825 0.0577744 0.0514203 0.0514203 0.0514125 0.0506708 0.0625003 0.0499629 0.0625505 0.0625505 0.0474296 0.0497702 0.0482226 0.0462560 0.0491242 0.0405202 0.0413157 0.0413160 0.0420615 0.0420905 0.0366531 0.0366826 0.0459690 0.0459690 0.0467487 0.0267313 0.0343527 0.0252328 0.0252089 
NA.EPI_ISL_16868591.Anseriformes.china.NA.2020-08-19      0.0332727 0.0418751 0.0481575 0.0340522 0.0371722 0.0126400 0.0348137 0.0364533 0.0348378 0.0201973 0.0481513 0.0186710 0.0505630 0.0505630 0.0403191 0.0171523 0.0371668 0.0356048 0.0505989 0.0426830 0.0363872 0.0411255 0.0489433 0.0410967 0.0522281 0.0324993 0.0117067 0.0000000 0.0000010 0.0072869 0.0072858 0.0109578 0.0116946 0.0169136 0.0161675 0.0169204 0.0176539 0.0176539 0.0169206 0.0168801 0.0176794 0.0176654 0.0176723 0.0176563 0.0169115 0.0343328 0.0335647 0.0335732 0.0343521 0.0343521 0.0397482 0.0397317 0.0412698 0.0506274 0.0490414 0.0506140 0.0443376 0.0443376 0.0443310 0.0435919 0.0552912 0.0428819 0.0553353 0.0553353 0.0404030 0.0427175 0.0411852 0.0391864 0.0412867 0.0350886 0.0358741 0.0358744 0.0366168 0.0366420 0.0312582 0.0312833 0.0404861 0.0404861 0.0412587 0.0199263 0.0274617 0.0184405 0.0184234 
H5N6.EPI_ISL_6795264.Anseriformes.china.NA.2019-02-01     0.0332727 0.0418751 0.0481575 0.0340522 0.0371722 0.0126400 0.0348137 0.0364533 0.0348378 0.0201973 0.0481513 0.0186710 0.0505630 0.0505630 0.0403191 0.0171523 0.0371668 0.0356048 0.0505989 0.0426830 0.0363872 0.0411255 0.0489433 0.0410967 0.0522281 0.0324993 0.0117067 0.0000010 0.0000000 0.0072869 0.0072858 0.0109578 0.0116946 0.0169136 0.0161675 0.0169204 0.0176539 0.0176539 0.0169206 0.0168801 0.0176794 0.0176654 0.0176723 0.0176563 0.0169115 0.0343328 0.0335647 0.0335732 0.0343521 0.0343521 0.0397482 0.0397317 0.0412698 0.0506274 0.0490414 0.0506140 0.0443376 0.0443376 0.0443310 0.0435919 0.0552912 0.0428819 0.0553353 0.0553353 0.0404030 0.0427175 0.0411852 0.0391864 0.0412867 0.0350886 0.0358741 0.0358744 0.0366168 0.0366420 0.0312582 0.0312833 0.0404861 0.0404861 0.0412587 0.0199263 0.0274617 0.0184405 0.0184234 
H5N6.EPI_ISL_340816.environment.china.NA.2018-01-15       0.0293857 0.0379731 0.0441747 0.0301596 0.0332962 0.0171800 0.0309179 0.0325388 0.0309391 0.0248001 0.0441691 0.0232591 0.0465624 0.0465624 0.0364242 0.0217267 0.0332914 0.0317381 0.0465954 0.0387747 0.0317062 0.0372243 0.0449559 0.0371984 0.0482111 0.0286171 0.0161697 0.0072869 0.0072869 0.0000000 0.0043634 0.0050881 0.0087548 0.0132050 0.0124632 0.0132103 0.0139425 0.0139425 0.0117179 0.0116899 0.0139625 0.0124566 0.0124614 0.0139444 0.0117115 0.0305261 0.0297623 0.0297698 0.0305431 0.0305431 0.0359096 0.0358948 0.0374255 0.0466808 0.0435557 0.0451139 0.0388957 0.0388957 0.0388900 0.0381529 0.0497546 0.0374410 0.0497940 0.0497940 0.0350027 0.0372975 0.0357766 0.0337530 0.0374408 0.0312451 0.0320235 0.0320238 0.0327641 0.0327866 0.0274395 0.0274614 0.0366068 0.0366068 0.0373745 0.0146935 0.0236677 0.0147169 0.0147033 
H5N6.EPI_ISL_340798.environment.china.NA.2018-04-24       0.0317337 0.0387541 0.0465891 0.0325115 0.0340716 0.0164238 0.0332721 0.0349049 0.0332952 0.0240351 0.0465831 0.0224962 0.0489890 0.0489890 0.0372036 0.0209657 0.0340667 0.0309655 0.0490238 0.0395570 0.0340653 0.0380050 0.0473735 0.0379785 0.0506486 0.0309617 0.0161673 0.0072858 0.0072858 0.0043634 0.0000000 0.0080197 0.0072869 0.0146858 0.0139423 0.0146917 0.0154243 0.0154243 0.0146919 0.0146568 0.0154466 0.0154343 0.0154404 0.0154264 0.0146839 0.0320455 0.0312800 0.0312879 0.0320634 0.0320634 0.0374415 0.0374260 0.0389596 0.0498501 0.0467066 0.0482739 0.0420193 0.0420193 0.0420131 0.0412745 0.0513689 0.0405633 0.0529799 0.0529799 0.0381009 0.0404081 0.0388800 0.0368696 0.0389756 0.0343275 0.0351118 0.0351120 0.0358543 0.0358789 0.0305011 0.0305256 0.0397193 0.0397193 0.0404912 0.0176860 0.0267082 0.0162036 0.0161886 
H5N6.EPI_ISL_340832.environment.china.NA.2018-04-02       0.0316941 0.0403133 0.0465310 0.0324709 0.0371772 0.0194500 0.0332306 0.0348621 0.0332544 0.0270957 0.0465251 0.0255486 0.0489277 0.0489277 0.0387601 0.0240103 0.0356155 0.0340570 0.0489624 0.0395522 0.0340236 0.0395640 0.0473144 0.0395364 0.0505850 0.0309232 0.0184019 0.0109578 0.0109578 0.0050881 0.0080197 0.0000000 0.0124339 0.0154286 0.0146842 0.0154348 0.0161677 0.0161677 0.0139354 0.0139021 0.0161910 0.0146764 0.0146821 0.0161699 0.0139279 0.0328090 0.0320426 0.0320507 0.0328274 0.0328274 0.0382118 0.0381959 0.0397311 0.0490142 0.0458781 0.0474417 0.0412019 0.0412019 0.0411958 0.0404582 0.0520956 0.0397475 0.0521370 0.0521370 0.0372928 0.0395948 0.0380698 0.0360576 0.0412922 0.0335271 0.0343092 0.0343095 0.0350507 0.0350747 0.0297087 0.0297325 0.0389067 0.0389067 0.0396768 0.0169225 0.0259252 0.0169495 0.0169338 
H5N6.EPI_ISL_4031401.Anseriformes.china.NA.2019-03-01     0.0371615 0.0442397 0.0521324 0.0379460 0.0395197 0.0217297 0.0387102 0.0403682 0.0387372 0.0294020 0.0521258 0.0278485 0.0545540 0.0545540 0.0426790 0.0263043 0.0395140 0.0363882 0.0545929 0.0450518 0.0395123 0.0434895 0.0513301 0.0434590 0.0562343 0.0363838 0.0206433 0.0116946 0.0116946 0.0087548 0.0072869 0.0124339 0.0000000 0.0191533 0.0184044 0.0191611 0.0198955 0.0198955 0.0191613 0.0191153 0.0199243 0.0199085 0.0199163 0.0198982 0.0191509 0.0366374 0.0358664 0.0358755 0.0366581 0.0366581 0.0420737 0.0420561 0.0435992 0.0545642 0.0513977 0.0529763 0.0466761 0.0466761 0.0466691 0.0459293 0.0576682 0.0452202 0.0577143 0.0577143 0.0427241 0.0450465 0.0435096 0.0415220 0.0436171 0.0389332 0.0397252 0.0397254 0.0404695 0.0404974 0.0350798 0.0351080 0.0443627 0.0443627 0.0451398 0.0221794 0.0312630 0.0206898 0.0206706 
H5N6.EPI_ISL_707469.Anseriformes.china.NA.2017-12-29      0.0247770 0.0262976 0.0434789 0.0240160 0.0232348 0.0232818 0.0247700 0.0263609 0.0247868 0.0309829 0.0434733 0.0294230 0.0458688 0.0458688 0.0247747 0.0278717 0.0232318 0.0217061 0.0451176 0.0270778 0.0270806 0.0255532 0.0442609 0.0255358 0.0467324 0.0224880 0.0229222 0.0169136 0.0169136 0.0132050 0.0146858 0.0154286 0.0191533 0.0000000 0.0014507 0.0021795 0.0029056 0.0029056 0.0087892 0.0102513 0.0029097 0.0058333 0.0073021 0.0029060 0.0102701 0.0184115 0.0176636 0.0176681 0.0184214 0.0184214 0.0236781 0.0236685 0.0251712 0.0467828 0.0436505 0.0452123 0.0389800 0.0389800 0.0389742 0.0382355 0.0498635 0.0375222 0.0499032 0.0499032 0.0350787 0.0373787 0.0358545 0.0338270 0.0266910 0.0244267 0.0251937 0.0251940 0.0259317 0.0259494 0.0206621 0.0206785 0.0297334 0.0297334 0.0304935 0.0080418 0.0169271 0.0036419 0.0036386 
H5N6.EPI_ISL_340812.environment.china.NA.2017-12-04       0.0232468 0.0262943 0.0419008 0.0224874 0.0232318 0.0232789 0.0232403 0.0248240 0.0232560 0.0309789 0.0418954 0.0294192 0.0442841 0.0442841 0.0247715 0.0278681 0.0232288 0.0217033 0.0435334 0.0270743 0.0255447 0.0255500 0.0426811 0.0255326 0.0451433 0.0209631 0.0229193 0.0161675 0.0161675 0.0124632 0.0139423 0.0146842 0.0184044 0.0014507 0.0000000 0.0007250 0.0014507 0.0014507 0.0080514 0.0095128 0.0014531 0.0043698 0.0058347 0.0014507 0.0095303 0.0184092 0.0176614 0.0176659 0.0184191 0.0184191 0.0236751 0.0236656 0.0251681 0.0452175 0.0420931 0.0436510 0.0374346 0.0374346 0.0374291 0.0366908 0.0482923 0.0359769 0.0483307 0.0483307 0.0335449 0.0358395 0.0343184 0.0322838 0.0266877 0.0229186 0.0236830 0.0236832 0.0244203 0.0244369 0.0191631 0.0191783 0.0282114 0.0282114 0.0289697 0.0065718 0.0154366 0.0021826 0.0021806 
H5N6.EPI_ISL_340814.environment.china.NA.2017-11-27       0.0240228 0.0270750 0.0427101 0.0232623 0.0240073 0.0240560 0.0240160 0.0256051 0.0240323 0.0317696 0.0427047 0.0302068 0.0450979 0.0450979 0.0255500 0.0286526 0.0240042 0.0224761 0.0443467 0.0278568 0.0263247 0.0263301 0.0434917 0.0263122 0.0459598 0.0217354 0.0236840 0.0169204 0.0169204 0.0132103 0.0146917 0.0154348 0.0191611 0.0021795 0.0007250 0.0000000 0.0021789 0.0021789 0.0087927 0.0102554 0.0021820 0.0051034 0.0065710 0.0021792 0.0102742 0.0191660 0.0184170 0.0184216 0.0191763 0.0191763 0.0244412 0.0244313 0.0259362 0.0460218 0.0428919 0.0444525 0.0382251 0.0382251 0.0382195 0.0374806 0.0491011 0.0367667 0.0491402 0.0491402 0.0343277 0.0366261 0.0351027 0.0330708 0.0274585 0.0236832 0.0244493 0.0244496 0.0251873 0.0252045 0.0199214 0.0199372 0.0289862 0.0289862 0.0297457 0.0073097 0.0161889 0.0029132 0.0029105 
H5N6.EPI_ISL_6795233.Anseriformes.china.NA.2018-03-01     0.0247703 0.0278235 0.0434668 0.0240096 0.0247543 0.0248046 0.0247633 0.0263538 0.0247801 0.0325216 0.0434612 0.0309578 0.0458559 0.0458559 0.0262980 0.0294028 0.0247511 0.0232223 0.0451050 0.0286059 0.0270733 0.0270789 0.0442486 0.0270604 0.0467193 0.0224820 0.0244211 0.0176539 0.0176539 0.0139425 0.0154243 0.0161677 0.0198955 0.0029056 0.0014507 0.0021789 0.0000000 0.0000010 0.0095242 0.0109865 0.0029090 0.0058318 0.0073002 0.0014507 0.0110068 0.0199006 0.0191512 0.0191560 0.0199114 0.0199114 0.0251787 0.0251685 0.0266738 0.0467699 0.0436385 0.0451998 0.0389693 0.0389693 0.0389636 0.0382251 0.0498497 0.0375119 0.0498893 0.0498893 0.0350692 0.0373685 0.0358448 0.0338178 0.0281971 0.0244203 0.0251870 0.0251873 0.0259248 0.0259425 0.0206566 0.0206730 0.0297245 0.0297245 0.0304843 0.0080397 0.0169227 0.0036410 0.0036377 
H5N6.EPI_ISL_6795230.Anseriformes.china.NA.2018-02-01     0.0247703 0.0278235 0.0434668 0.0240096 0.0247543 0.0248046 0.0247633 0.0263538 0.0247801 0.0325216 0.0434612 0.0309578 0.0458559 0.0458559 0.0262980 0.0294028 0.0247511 0.0232223 0.0451050 0.0286059 0.0270733 0.0270789 0.0442486 0.0270604 0.0467193 0.0224820 0.0244211 0.0176539 0.0176539 0.0139425 0.0154243 0.0161677 0.0198955 0.0029056 0.0014507 0.0021789 0.0000010 0.0000000 0.0095242 0.0109865 0.0029090 0.0058318 0.0073002 0.0014507 0.0110068 0.0199006 0.0191512 0.0191560 0.0199114 0.0199114 0.0251787 0.0251685 0.0266738 0.0467699 0.0436385 0.0451998 0.0389693 0.0389693 0.0389636 0.0382251 0.0498497 0.0375119 0.0498893 0.0498893 0.0350692 0.0373685 0.0358448 0.0338178 0.0281971 0.0244203 0.0251870 0.0251873 0.0259248 0.0259425 0.0206566 0.0206730 0.0297245 0.0297245 0.0304843 0.0080397 0.0169227 0.0036410 0.0036377 
NA.EPI_ISL_707373.Galliformes.china.NA.2018-03-21         0.0255875 0.0341336 0.0427111 0.0248244 0.0310217 0.0248494 0.0255792 0.0271781 0.0255978 0.0325801 0.0427056 0.0310134 0.0450990 0.0450990 0.0325897 0.0294562 0.0294719 0.0294676 0.0451310 0.0349300 0.0278982 0.0333845 0.0434927 0.0333613 0.0467463 0.0217643 0.0244645 0.0169206 0.0169206 0.0117179 0.0146919 0.0139354 0.0191613 0.0087892 0.0080514 0.0087927 0.0095242 0.0095242 0.0000000 0.0087719 0.0095378 0.0080472 0.0095241 0.0095255 0.0087880 0.0260166 0.0252569 0.0252633 0.0260310 0.0260310 0.0313698 0.0313568 0.0328809 0.0460229 0.0428929 0.0444536 0.0382259 0.0382259 0.0382202 0.0374814 0.0491023 0.0367674 0.0491414 0.0491414 0.0343283 0.0366268 0.0351034 0.0330714 0.0344268 0.0252251 0.0259949 0.0259952 0.0267343 0.0267526 0.0214483 0.0214654 0.0305469 0.0305469 0.0313091 0.0102688 0.0177028 0.0102851 0.0102756 
H5N6.EPI_ISL_372817.Anseriformes.china.NA.2016-04-16      0.0278554 0.0340949 0.0340332 0.0270910 0.0294430 0.0240264 0.0278475 0.0294545 0.0278664 0.0317297 0.0340289 0.0301680 0.0363818 0.0363818 0.0325528 0.0286171 0.0309828 0.0294344 0.0364074 0.0348903 0.0301711 0.0333467 0.0348044 0.0333236 0.0379930 0.0255552 0.0244044 0.0168801 0.0168801 0.0116899 0.0146568 0.0139021 0.0191153 0.0102513 0.0095128 0.0102554 0.0109865 0.0109865 0.0087719 0.0000000 0.0110023 0.0095077 0.0109864 0.0109880 0.0058325 0.0267412 0.0259815 0.0259881 0.0267560 0.0267560 0.0320939 0.0320806 0.0320760 0.0381733 0.0350885 0.0366269 0.0304891 0.0304891 0.0304837 0.0297486 0.0412184 0.0290332 0.0412508 0.0412508 0.0266553 0.0289233 0.0274179 0.0253536 0.0320890 0.0282142 0.0289888 0.0289891 0.0297274 0.0297478 0.0244264 0.0244458 0.0335537 0.0335537 0.0343182 0.0117326 0.0206699 0.0117513 0.0117405 
H5N6.EPI_ISL_340811.environment.china.NA.2017-12-05       0.0240389 0.0247381 0.0435332 0.0232778 0.0216861 0.0248422 0.0240321 0.0256225 0.0240484 0.0325707 0.0435276 0.0310044 0.0459263 0.0459263 0.0232199 0.0294477 0.0216833 0.0201630 0.0451742 0.0255148 0.0263423 0.0239950 0.0443163 0.0239787 0.0467912 0.0217499 0.0244566 0.0176794 0.0176794 0.0139625 0.0154466 0.0161910 0.0199243 0.0029097 0.0014531 0.0021820 0.0029090 0.0029090 0.0095378 0.0110023 0.0000000 0.0051067 0.0073106 0.0029094 0.0110225 0.0169005 0.0161553 0.0161594 0.0169096 0.0169096 0.0221482 0.0221392 0.0236371 0.0468408 0.0437043 0.0452681 0.0390277 0.0390277 0.0390220 0.0382824 0.0499254 0.0375682 0.0499652 0.0499652 0.0351214 0.0374244 0.0358982 0.0338685 0.0251512 0.0236988 0.0244665 0.0244668 0.0252039 0.0252211 0.0199344 0.0199503 0.0290056 0.0290056 0.0297657 0.0073144 0.0161995 0.0007260 0.0007250 
H5N6.EPI_ISL_340799.environment.china.NA.2017-11-21       0.0186765 0.0301784 0.0418773 0.0179220 0.0270923 0.0248210 0.0186713 0.0202335 0.0186840 0.0325436 0.0418719 0.0309787 0.0442592 0.0442592 0.0286460 0.0294224 0.0270889 0.0255521 0.0442905 0.0309661 0.0209571 0.0294322 0.0426572 0.0294119 0.0459015 0.0164089 0.0244371 0.0176654 0.0176654 0.0124566 0.0154343 0.0146764 0.0199085 0.0058333 0.0043698 0.0051034 0.0058318 0.0058318 0.0080472 0.0095077 0.0051067 0.0000000 0.0058317 0.0058325 0.0095252 0.0221823 0.0214291 0.0199348 0.0221943 0.0221943 0.0274894 0.0274781 0.0289905 0.0451923 0.0420698 0.0436268 0.0374140 0.0374140 0.0374085 0.0366707 0.0482654 0.0359571 0.0483037 0.0483037 0.0335265 0.0358199 0.0342997 0.0322660 0.0305223 0.0184137 0.0191705 0.0191708 0.0199056 0.0199191 0.0146860 0.0146976 0.0236680 0.0236680 0.0244208 0.0021825 0.0124632 0.0058439 0.0058386 
H5N6.EPI_ISL_337280.NA.china.NA.2017-11-17                0.0240096 0.0317439 0.0426864 0.0232495 0.0286491 0.0256010 0.0240029 0.0255901 0.0240192 0.0333373 0.0426809 0.0317693 0.0450728 0.0450728 0.0302074 0.0302110 0.0286455 0.0271030 0.0451048 0.0325347 0.0263102 0.0309968 0.0434675 0.0309753 0.0467191 0.0217235 0.0244468 0.0176723 0.0176723 0.0124614 0.0154404 0.0146821 0.0199163 0.0073021 0.0058347 0.0065710 0.0073002 0.0073002 0.0095241 0.0109864 0.0073106 0.0058317 0.0000000 0.0073012 0.0110066 0.0244528 0.0236965 0.0237024 0.0244672 0.0244672 0.0297826 0.0297703 0.0312881 0.0452115 0.0420876 0.0436452 0.0358934 0.0358934 0.0374241 0.0366859 0.0482861 0.0359721 0.0483244 0.0483244 0.0335404 0.0358348 0.0343138 0.0322794 0.0312667 0.0244200 0.0251868 0.0251870 0.0259246 0.0259423 0.0206564 0.0206728 0.0297242 0.0297242 0.0304840 0.0065708 0.0169224 0.0080523 0.0080449 
H7N6.EPI_ISL_314050.environment.china.NA.2017-12-06       0.0247738 0.0278274 0.0434733 0.0240129 0.0247578 0.0248081 0.0247668 0.0263575 0.0247837 0.0325264 0.0434677 0.0309623 0.0458629 0.0458629 0.0263018 0.0294070 0.0247546 0.0232255 0.0451118 0.0286100 0.0270772 0.0270827 0.0442553 0.0270643 0.0467264 0.0224851 0.0244245 0.0176563 0.0176563 0.0139444 0.0154264 0.0161699 0.0198982 0.0029060 0.0014507 0.0021792 0.0014507 0.0014507 0.0095255 0.0109880 0.0029094 0.0058325 0.0073012 0.0000000 0.0110082 0.0199034 0.0191539 0.0191587 0.0199141 0.0199141 0.0251822 0.0251720 0.0266775 0.0467769 0.0436450 0.0452066 0.0389750 0.0389750 0.0389693 0.0382307 0.0498572 0.0375174 0.0498969 0.0498969 0.0350743 0.0373740 0.0358500 0.0338227 0.0282010 0.0244237 0.0251905 0.0251908 0.0259284 0.0259462 0.0206595 0.0206759 0.0297287 0.0297287 0.0304896 0.0080407 0.0169250 0.0036415 0.0036382 
