20
H5N1|2344b|EPI_ISL_18898050|anseriformes|kazakhstan|1_6_2_1_1_1_1_1|2024-01-05     0.0000000 0.0425641 0.0420609 0.0425676 0.0420656 0.0426061 0.0431158 0.0431158 0.0425690 0.0435850 0.0420596 0.0441815 0.0395617 0.0420609 0.0435742 0.0449643 0.0425837 0.0435878 0.0430766 0.0421360 
H5N1|2344b|EPI_ISL_18506029|galliformes|netherlands|1_6_2_1_1_1_1_1|2023-11-11     0.0425641 0.0000000 0.0004387 0.0008777 0.0013187 0.0008791 0.0013197 0.0013197 0.0008777 0.0017595 0.0013185 0.0022047 0.0271467 0.0004387 0.0035287 0.0026625 0.0013192 0.0017596 0.0013187 0.0022043 
H5N1|2344b|EPI_ISL_18526630|charadriiformes|germany|1_6_2_1_1_1_1_1|2023-11-03     0.0420609 0.0004387 0.0000000 0.0004387 0.0008777 0.0004387 0.0008792 0.0008792 0.0004387 0.0013188 0.0008777 0.0017626 0.0266679 0.0000010 0.0030856 0.0022173 0.0008781 0.0013188 0.0008777 0.0017623 
H5N1|2344b|EPI_ISL_18530147|galliformes|denmark|1_6_2_1_1_1_1_1|2023-11-11         0.0425676 0.0008777 0.0004387 0.0000000 0.0013188 0.0008792 0.0013198 0.0013198 0.0008777 0.0017596 0.0013186 0.0022048 0.0271488 0.0004387 0.0035290 0.0026627 0.0013193 0.0017597 0.0013188 0.0022045 
H5N1|2344b|EPI_ISL_18536663|anseriformes|netherlands|1_6_2_1_1_1_1_1|2023-11-12    0.0420656 0.0013187 0.0008777 0.0013188 0.0000000 0.0013198 0.0017611 0.0017611 0.0013189 0.0022013 0.0017596 0.0026479 0.0276322 0.0008777 0.0039733 0.0031090 0.0017604 0.0022014 0.0017598 0.0026475 
H5N1|2344b|EPI_ISL_18578957|galliformes|denmark|1_6_2_1_1_1_1_1|2023-11-20         0.0426061 0.0008791 0.0004387 0.0008792 0.0013198 0.0000000 0.0013208 0.0013208 0.0008792 0.0017610 0.0013196 0.0022065 0.0271718 0.0004387 0.0035317 0.0026647 0.0013203 0.0017611 0.0013198 0.0022062 
H5N1|2344b|EPI_ISL_18592414|anseriformes|united_kingdom|1_6_2_1_1_1_1_1|2023-11-02 0.0431158 0.0013197 0.0008792 0.0013198 0.0017611 0.0013208 0.0000000 0.0000010 0.0013198 0.0022029 0.0017609 0.0026499 0.0276550 0.0008792 0.0039762 0.0031113 0.0017617 0.0022031 0.0017611 0.0026495 
H5N1|2344b|EPI_ISL_18592418|suliformes|united_kingdom|1_6_2_1_1_1_1_1|2023-11-01   0.0431158 0.0013197 0.0008792 0.0013198 0.0017611 0.0013208 0.0000010 0.0000000 0.0013198 0.0022029 0.0017609 0.0026499 0.0276550 0.0008792 0.0039762 0.0031113 0.0017617 0.0022031 0.0017611 0.0026495 
H5N1|2344b|EPI_ISL_18668515|charadriiformes|belgium|1_6_2_1_1_1_1_1|2023-12-08     0.0425690 0.0008777 0.0004387 0.0008777 0.0013189 0.0008792 0.0013198 0.0013198 0.0000000 0.0017597 0.0013187 0.0022049 0.0271497 0.0004387 0.0035291 0.0026628 0.0013193 0.0017598 0.0013188 0.0022046 
H5N1|2344b|EPI_ISL_18668518|galliformes|united_kingdom|1_6_2_1_1_1_1_1|2023-11-21  0.0435850 0.0017595 0.0013188 0.0017596 0.0022013 0.0017610 0.0022029 0.0022029 0.0017597 0.0000000 0.0022010 0.0030914 0.0281136 0.0013188 0.0044178 0.0035556 0.0022021 0.0026436 0.0022012 0.0030909 
H5N1|2344b|EPI_ISL_18668521|anseriformes|united_kingdom|1_6_2_1_1_1_1_1|2023-11-28 0.0420596 0.0013185 0.0008777 0.0013186 0.0017596 0.0013196 0.0017609 0.0017609 0.0013187 0.0022010 0.0000000 0.0026476 0.0266670 0.0008777 0.0039727 0.0031085 0.0017602 0.0022011 0.0017595 0.0026471 
H5N1|2344b|EPI_ISL_18750748|falconiformes|belgium|1_6_2_1_1_1_1_1|2023-12-10       0.0441815 0.0022047 0.0017626 0.0022048 0.0026479 0.0022065 0.0026499 0.0026499 0.0022049 0.0030914 0.0026476 0.0000000 0.0276353 0.0017626 0.0048713 0.0040097 0.0026489 0.0030916 0.0026478 0.0035410 
H5N1|2344b|EPI_ISL_18956174|anseriformes|romania|1_6_2_1_1_1_1_1|2023-12-28        0.0395617 0.0271467 0.0266679 0.0271488 0.0276322 0.0271718 0.0276550 0.0276550 0.0271497 0.0281136 0.0266670 0.0276353 0.0000000 0.0266679 0.0271446 0.0288174 0.0276423 0.0281153 0.0276313 0.0267127 
H5N1|2344b|EPI_ISL_18992914|galliformes|denmark|1_6_2_1_1_1_1_1|2023-11-04         0.0420609 0.0004387 0.0000010 0.0004387 0.0008777 0.0004387 0.0008792 0.0008792 0.0004387 0.0013188 0.0008777 0.0017626 0.0266679 0.0000000 0.0030856 0.0022173 0.0008781 0.0013188 0.0008777 0.0017623 
H5N1|2344b|EPI_ISL_19000790|accipitriformes|sweden|1_6_2_1_1_1_1_1|2024-02-09      0.0435742 0.0035287 0.0030856 0.0035290 0.0039733 0.0035317 0.0039762 0.0039762 0.0035291 0.0044178 0.0039727 0.0048713 0.0271446 0.0030856 0.0000000 0.0053482 0.0039747 0.0044181 0.0039731 0.0030903 
H5N1|2344b|EPI_ISL_18824087|anseriformes|united_kingdom|1_6_2_1_1_1_1_1|2023-12-12 0.0449643 0.0026625 0.0022173 0.0026627 0.0031090 0.0026647 0.0031113 0.0031113 0.0026628 0.0035556 0.0031085 0.0040097 0.0288174 0.0022173 0.0053482 0.0000000 0.0031101 0.0035558 0.0031088 0.0040090 
H5N1|2344b|EPI_ISL_18745082|strigiformes|germany|1_6_2_1_1_1_1_1|2023-11-18        0.0425837 0.0013192 0.0008781 0.0013193 0.0017604 0.0013203 0.0017617 0.0017617 0.0013193 0.0022021 0.0017602 0.0026489 0.0276423 0.0008781 0.0039747 0.0031101 0.0000000 0.0022022 0.0017604 0.0026484 
H5N1|2344b|EPI_ISL_18953068|galliformes|denmark|1_6_2_1_1_1_1_1|2024-02-07         0.0435878 0.0017596 0.0013188 0.0017597 0.0022014 0.0017611 0.0022031 0.0022031 0.0017598 0.0026436 0.0022011 0.0030916 0.0281153 0.0013188 0.0044181 0.0035558 0.0022022 0.0000000 0.0004387 0.0030911 
H5N1|2344b|EPI_ISL_18953067|galliformes|denmark|1_6_2_1_1_1_1_1|2024-02-04         0.0430766 0.0013187 0.0008777 0.0013188 0.0017598 0.0013198 0.0017611 0.0017611 0.0013188 0.0022012 0.0017595 0.0026478 0.0276313 0.0008777 0.0039731 0.0031088 0.0017604 0.0004387 0.0000000 0.0026474 
H5N1|2344b|EPI_ISL_18824185|galliformes|france|1_6_2_1_1_1_1_1|2024-01-10          0.0421360 0.0022043 0.0017623 0.0022045 0.0026475 0.0022062 0.0026495 0.0026495 0.0022046 0.0030909 0.0026471 0.0035410 0.0267127 0.0017623 0.0030903 0.0040090 0.0026484 0.0030911 0.0026474 0.0000000 
