192
H5N1.EPI_ISL_6829533.Galliformes.japan.22.2021-11-12              0.0000000 0.0311938 0.0327184 0.0311321 0.0278659 0.0319144 0.0270741 0.0279150 0.0665401 0.0645931 0.0021358 0.0050222 0.0636877 0.0645931 0.0035710 0.0656182 0.0295634 0.0335547 0.0303146 0.0248260 0.0328621 0.0035786 0.0336669 0.0270821 0.0286607 0.0286574 0.0336669 0.0353738 0.0302609 0.0286607 0.0303111 0.0021427 0.0270734 0.0344990 0.0369671 0.0378017 0.0353139 0.0361231 0.0320435 0.0294535 0.0310471 0.0287191 0.0327292 0.0310471 0.0319212 0.0336070 0.0311257 0.0294701 0.0007101 0.0021388 0.0064783 0.0072080 0.0064802 0.0021390 0.0028561 0.0050269 0.0021390 0.0050269 0.0007096 0.0057458 0.0014223 0.0014219 0.0021391 0.0057458 0.0303742 0.0287742 0.0014219 0.0295714 0.0064802 0.0294701 0.0344960 0.0325330 0.0308875 0.0326452 0.0308979 0.0317775 0.0301259 0.0341793 0.0325330 0.0341793 0.0255470 0.0271344 0.0295092 0.0295188 0.0303102 0.0294640 0.0050338 0.0064934 0.0057619 0.0279759 0.0263422 0.0050197 0.0247596 0.0255441 0.0263360 0.0319144 0.0327184 0.0327919 0.0262898 0.0263367 0.0263015 0.0262898 0.0263374 0.0255024 0.0255077 0.0270796 0.0270796 0.0588607 0.0588607 0.0580865 0.0589716 0.0579853 0.0623901 0.0595696 0.0014223 0.0021363 0.0007096 0.0021362 0.0270859 0.0240336 0.0240336 0.0232076 0.0248599 0.0248260 0.0248260 0.0248637 0.0248180 0.0248202 0.0248202 0.0248180 0.0248202 0.0329155 0.0329155 0.0329155 0.0345089 0.0320909 0.0336690 0.0336834 0.0320435 0.0328432 0.0336762 0.0344960 0.0344875 0.0344845 0.0336752 0.0336762 0.0344960 0.0353052 0.0354308 0.0353020 0.0353020 0.0310471 0.0270741 0.0286902 0.0279175 0.0278666 0.0278659 0.0064783 0.0014240 0.0021388 0.0336792 0.0361309 0.0370248 0.0079287 0.0057515 0.0263337 0.0263337 0.0287742 0.0271256 0.0271313 0.0271225 0.0287122 0.0028558 0.0028558 0.0028561 0.0000010 0.0028564 0.0035747 0.0035743 0.0028556 0.0328491 0.0239328 0.0255232 0.0263561 0.0262891 0.0278691 0.0278659 0.0286642 0.0278635 0.0279150 0.0294578 0.0278635 
H5N1.EPI_ISL_11211731.Anseriformes.bangladesh.19.2021-12-22       0.0311938 0.0000000 0.0086675 0.0028585 0.0109348 0.0079339 0.0101916 0.0109528 0.0824596 0.0803546 0.0319990 0.0353467 0.0793911 0.0803546 0.0336392 0.0814761 0.0057564 0.0162328 0.0007115 0.0209658 0.0087017 0.0320957 0.0094379 0.0116824 0.0116802 0.0116790 0.0094379 0.0109408 0.0131791 0.0116802 0.0131996 0.0321181 0.0131786 0.0101824 0.0124180 0.0131698 0.0109240 0.0131631 0.0079638 0.0139259 0.0139248 0.0117025 0.0154663 0.0139248 0.0147088 0.0094228 0.0139577 0.0124328 0.0304151 0.0303323 0.0352470 0.0360667 0.0352588 0.0303359 0.0311429 0.0336311 0.0303359 0.0336311 0.0303891 0.0343967 0.0312014 0.0311911 0.0320556 0.0343967 0.0064863 0.0050316 0.0311911 0.0057577 0.0352588 0.0124328 0.0101816 0.0095783 0.0080809 0.0103613 0.0080833 0.0088460 0.0058601 0.0110821 0.0095783 0.0110821 0.0050234 0.0050234 0.0086700 0.0154763 0.0079339 0.0124303 0.0336838 0.0320575 0.0328695 0.0072193 0.0057501 0.0319474 0.0057501 0.0050245 0.0057489 0.0079339 0.0086675 0.0028541 0.0094522 0.0094680 0.0109405 0.0094522 0.0109544 0.0101926 0.0101946 0.0101935 0.0101935 0.0741624 0.0741624 0.0733705 0.0743115 0.0732339 0.0779058 0.0732030 0.0312014 0.0320086 0.0303891 0.0320058 0.0101957 0.0201833 0.0201833 0.0193737 0.0209940 0.0209658 0.0209658 0.0209972 0.0209591 0.0209609 0.0209609 0.0209591 0.0209609 0.0087144 0.0087144 0.0087144 0.0101853 0.0079750 0.0094382 0.0094420 0.0094371 0.0101773 0.0101806 0.0101816 0.0101794 0.0101785 0.0101804 0.0101806 0.0101816 0.0109216 0.0109567 0.0109207 0.0109207 0.0139248 0.0101916 0.0116918 0.0109537 0.0109350 0.0109348 0.0352470 0.0295341 0.0303323 0.0109227 0.0116675 0.0124355 0.0351946 0.0344358 0.0043000 0.0043000 0.0050316 0.0050235 0.0050245 0.0050230 0.0050220 0.0311390 0.0311390 0.0311429 0.0311938 0.0311465 0.0319456 0.0319407 0.0328625 0.0086984 0.0087119 0.0102008 0.0109622 0.0109357 0.0109359 0.0109348 0.0116816 0.0109339 0.0109528 0.0124278 0.0109339 
H5N1.EPI_ISL_11633613.Anseriformes.china.19.2021-12-20            0.0327184 0.0086675 0.0000000 0.0101206 0.0123954 0.0007096 0.0116500 0.0124159 0.0841165 0.0820045 0.0335255 0.0368859 0.0810394 0.0820045 0.0351708 0.0831311 0.0071972 0.0177118 0.0079158 0.0232493 0.0101543 0.0352543 0.0108922 0.0131454 0.0131430 0.0131416 0.0108922 0.0124022 0.0146463 0.0131430 0.0146692 0.0336507 0.0146457 0.0116396 0.0138818 0.0146360 0.0123831 0.0146285 0.0094139 0.0153947 0.0153934 0.0131681 0.0169424 0.0153934 0.0161828 0.0108748 0.0154300 0.0138983 0.0319389 0.0318518 0.0367816 0.0376034 0.0367940 0.0318555 0.0326648 0.0351624 0.0318555 0.0351624 0.0319116 0.0359276 0.0327263 0.0327155 0.0335850 0.0359276 0.0079306 0.0064707 0.0327155 0.0071988 0.0367940 0.0138983 0.0116386 0.0110542 0.0095523 0.0118440 0.0095552 0.0103226 0.0073269 0.0125622 0.0110542 0.0125622 0.0064602 0.0064602 0.0028526 0.0169534 0.0021361 0.0138955 0.0352176 0.0335870 0.0344011 0.0086652 0.0071892 0.0334713 0.0071892 0.0064616 0.0071877 0.0007096 0.0000010 0.0101344 0.0109088 0.0124175 0.0124018 0.0109088 0.0124177 0.0116512 0.0116536 0.0116522 0.0116522 0.0757913 0.0757913 0.0731392 0.0759440 0.0748613 0.0795404 0.0748483 0.0327263 0.0335356 0.0319116 0.0335326 0.0116547 0.0224620 0.0224620 0.0216437 0.0232808 0.0232493 0.0232493 0.0232844 0.0232419 0.0232439 0.0232439 0.0232419 0.0232439 0.0101692 0.0101692 0.0101692 0.0116428 0.0094271 0.0108926 0.0108970 0.0108913 0.0116337 0.0116374 0.0116386 0.0116360 0.0116351 0.0116372 0.0116374 0.0116386 0.0123804 0.0109296 0.0123794 0.0123794 0.0153934 0.0116500 0.0131560 0.0124169 0.0123956 0.0123954 0.0367816 0.0310517 0.0318518 0.0123817 0.0131287 0.0139013 0.0367267 0.0359686 0.0057347 0.0057347 0.0064707 0.0064603 0.0064616 0.0064597 0.0064584 0.0326607 0.0326607 0.0326648 0.0327184 0.0326686 0.0334694 0.0334642 0.0343938 0.0101504 0.0101662 0.0116606 0.0124265 0.0123964 0.0123966 0.0123954 0.0131445 0.0123943 0.0124159 0.0138927 0.0123943 
H5N1.EPI_ISL_13243350.Anseriformes.bangladesh.19.2022-03-09       0.0311321 0.0028585 0.0101206 0.0000000 0.0124033 0.0093856 0.0116575 0.0124239 0.0822649 0.0801664 0.0319355 0.0352756 0.0792058 0.0801664 0.0335721 0.0812843 0.0072015 0.0177235 0.0021363 0.0224826 0.0101607 0.0320318 0.0108992 0.0116571 0.0131515 0.0131501 0.0108992 0.0124102 0.0146559 0.0131515 0.0146788 0.0320542 0.0146553 0.0116470 0.0138908 0.0146455 0.0123911 0.0146381 0.0094199 0.0154048 0.0154035 0.0131766 0.0169537 0.0154035 0.0161935 0.0108817 0.0154402 0.0139074 0.0303550 0.0302726 0.0351764 0.0359942 0.0351881 0.0302761 0.0310814 0.0335641 0.0302761 0.0335641 0.0303292 0.0343280 0.0311396 0.0311294 0.0319919 0.0343280 0.0079356 0.0064747 0.0311294 0.0072032 0.0351881 0.0139074 0.0116460 0.0110614 0.0095584 0.0110963 0.0095613 0.0103293 0.0073315 0.0125704 0.0110614 0.0125704 0.0064642 0.0064642 0.0101236 0.0169646 0.0093856 0.0139046 0.0336165 0.0319938 0.0328040 0.0086706 0.0071936 0.0318842 0.0071936 0.0064655 0.0071921 0.0093856 0.0101206 0.0057463 0.0109158 0.0109341 0.0124098 0.0109158 0.0124258 0.0116587 0.0116610 0.0116597 0.0116597 0.0739931 0.0739931 0.0732031 0.0741415 0.0730672 0.0777260 0.0730345 0.0311396 0.0319451 0.0303292 0.0319423 0.0116622 0.0216971 0.0216971 0.0208818 0.0225130 0.0224826 0.0224826 0.0225164 0.0224755 0.0224774 0.0224774 0.0224755 0.0224774 0.0101756 0.0101756 0.0101756 0.0116503 0.0094331 0.0108996 0.0109039 0.0108983 0.0116412 0.0116449 0.0116460 0.0116435 0.0116425 0.0116447 0.0116449 0.0116460 0.0123884 0.0124284 0.0123874 0.0123874 0.0154035 0.0116575 0.0131645 0.0124249 0.0124036 0.0124033 0.0351764 0.0294761 0.0302726 0.0123897 0.0131371 0.0139103 0.0367537 0.0343670 0.0057382 0.0057382 0.0064747 0.0064643 0.0064655 0.0064636 0.0064623 0.0310775 0.0310775 0.0310814 0.0311321 0.0310850 0.0318823 0.0318774 0.0327970 0.0101568 0.0101727 0.0116681 0.0124345 0.0124044 0.0124046 0.0124033 0.0131530 0.0124023 0.0124239 0.0139018 0.0124023 
H5N1.EPI_ISL_14615027.Passeriformes.japan.2.2022-03-14            0.0278659 0.0109348 0.0123954 0.0124033 0.0000000 0.0116510 0.0007096 0.0014242 0.0772451 0.0751955 0.0286582 0.0319423 0.0742526 0.0751955 0.0302699 0.0762833 0.0094436 0.0079340 0.0101685 0.0193988 0.0124452 0.0303407 0.0131929 0.0079444 0.0021358 0.0021356 0.0131929 0.0147282 0.0035699 0.0021358 0.0035752 0.0287631 0.0035698 0.0139515 0.0162253 0.0169906 0.0147052 0.0169818 0.0116942 0.0042883 0.0042880 0.0021397 0.0042968 0.0042880 0.0035758 0.0131714 0.0042976 0.0028528 0.0270971 0.0270243 0.0318537 0.0326599 0.0318642 0.0270274 0.0278211 0.0302627 0.0270274 0.0302627 0.0270741 0.0294259 0.0278725 0.0278635 0.0287081 0.0294259 0.0101868 0.0087079 0.0278635 0.0094459 0.0318642 0.0028528 0.0139504 0.0118664 0.0118676 0.0126650 0.0118712 0.0126535 0.0096154 0.0133864 0.0118664 0.0133864 0.0086933 0.0086933 0.0123991 0.0072034 0.0116510 0.0042896 0.0303093 0.0287097 0.0295083 0.0109318 0.0094328 0.0286128 0.0094328 0.0086952 0.0094308 0.0116510 0.0123954 0.0124205 0.0072116 0.0072234 0.0072145 0.0072116 0.0072236 0.0064807 0.0064819 0.0079436 0.0079436 0.0691644 0.0691644 0.0683790 0.0693004 0.0682546 0.0728323 0.0681699 0.0278725 0.0286667 0.0270741 0.0286642 0.0079453 0.0186218 0.0186218 0.0178201 0.0194247 0.0193988 0.0193988 0.0194277 0.0193927 0.0193944 0.0193944 0.0193927 0.0193944 0.0124638 0.0124638 0.0124638 0.0139555 0.0117107 0.0131934 0.0131987 0.0131918 0.0139444 0.0131960 0.0139504 0.0139473 0.0139461 0.0131958 0.0131960 0.0139504 0.0147020 0.0147500 0.0147007 0.0147007 0.0042880 0.0007096 0.0021379 0.0014243 0.0014220 0.0014220 0.0318537 0.0262387 0.0270243 0.0131972 0.0154609 0.0162485 0.0318072 0.0310553 0.0079578 0.0079578 0.0087079 0.0086934 0.0086952 0.0086926 0.0086907 0.0278177 0.0278177 0.0278211 0.0278659 0.0278242 0.0286112 0.0286068 0.0295021 0.0124405 0.0050267 0.0064858 0.0072286 0.0072114 0.0028517 0.0000010 0.0021361 0.0014218 0.0014242 0.0028517 0.0014218 
H5N1.EPI_ISL_11633709.Anseriformes.china.19.2021-12-20            0.0319144 0.0079339 0.0007096 0.0093856 0.0116510 0.0000000 0.0109077 0.0116703 0.0831560 0.0810519 0.0327194 0.0360683 0.0800896 0.0810519 0.0343597 0.0821735 0.0064692 0.0169514 0.0071870 0.0224691 0.0094167 0.0344410 0.0101529 0.0123989 0.0123966 0.0123954 0.0101529 0.0116574 0.0138958 0.0123966 0.0139174 0.0328412 0.0138953 0.0108979 0.0131340 0.0138860 0.0116396 0.0138790 0.0086785 0.0146425 0.0146413 0.0124202 0.0161845 0.0146413 0.0154269 0.0101367 0.0146760 0.0131496 0.0311364 0.0310517 0.0359666 0.0367861 0.0359786 0.0310553 0.0318622 0.0343514 0.0310553 0.0343514 0.0311098 0.0351157 0.0319221 0.0319116 0.0327772 0.0351157 0.0071995 0.0057444 0.0319116 0.0064707 0.0359786 0.0131496 0.0108970 0.0103037 0.0088050 0.0110891 0.0088086 0.0095727 0.0065857 0.0118077 0.0103037 0.0118077 0.0057351 0.0057351 0.0021367 0.0161949 0.0014222 0.0131470 0.0344052 0.0327792 0.0335910 0.0079328 0.0064621 0.0326666 0.0064621 0.0057363 0.0064607 0.0000010 0.0007096 0.0093983 0.0101683 0.0116718 0.0116571 0.0101683 0.0116720 0.0109088 0.0109110 0.0109097 0.0109097 0.0748622 0.0748622 0.0722154 0.0750125 0.0739346 0.0786012 0.0739115 0.0319221 0.0327292 0.0311098 0.0327263 0.0109121 0.0216841 0.0216841 0.0208694 0.0224994 0.0224691 0.0224691 0.0225029 0.0224620 0.0224639 0.0224639 0.0224620 0.0224639 0.0094305 0.0094305 0.0094305 0.0109010 0.0086906 0.0101533 0.0101573 0.0101521 0.0108924 0.0108959 0.0108970 0.0108946 0.0108937 0.0108957 0.0108959 0.0108970 0.0116370 0.0101876 0.0116360 0.0116360 0.0146413 0.0109077 0.0124089 0.0116712 0.0116512 0.0116510 0.0359666 0.0302537 0.0310517 0.0116382 0.0123831 0.0131524 0.0359131 0.0351557 0.0050115 0.0050115 0.0057444 0.0057352 0.0057363 0.0057347 0.0057335 0.0318583 0.0318583 0.0318622 0.0319144 0.0318660 0.0326648 0.0326597 0.0335839 0.0094131 0.0094278 0.0109176 0.0116802 0.0116520 0.0116522 0.0116510 0.0123981 0.0116500 0.0116703 0.0131443 0.0116500 
H5N1.EPI_ISL_12174842.Carnivora.japan.2.2022-03-31                0.0270741 0.0101916 0.0116500 0.0116575 0.0007096 0.0109077 0.0000000 0.0007111 0.0762983 0.0742567 0.0278642 0.0311369 0.0733165 0.0742567 0.0294710 0.0753395 0.0087050 0.0072020 0.0094291 0.0186261 0.0116968 0.0295397 0.0124425 0.0072123 0.0014220 0.0014218 0.0124425 0.0139721 0.0028520 0.0014220 0.0028563 0.0279660 0.0028520 0.0131987 0.0154660 0.0162289 0.0139504 0.0162206 0.0109480 0.0035688 0.0035685 0.0014245 0.0050193 0.0035685 0.0042964 0.0124223 0.0035765 0.0021367 0.0263068 0.0262364 0.0310508 0.0318547 0.0310610 0.0262394 0.0270307 0.0294640 0.0262394 0.0294640 0.0262846 0.0286305 0.0270805 0.0270718 0.0279126 0.0286305 0.0094460 0.0079711 0.0270718 0.0087071 0.0310610 0.0021367 0.0131976 0.0111090 0.0111101 0.0119031 0.0111135 0.0118922 0.0088632 0.0126248 0.0111090 0.0126248 0.0079578 0.0079578 0.0116536 0.0064743 0.0109077 0.0035698 0.0295092 0.0279142 0.0287105 0.0101888 0.0086952 0.0278203 0.0086952 0.0079595 0.0086933 0.0109077 0.0116500 0.0116736 0.0064807 0.0064921 0.0064833 0.0064807 0.0064922 0.0057528 0.0057539 0.0072116 0.0072116 0.0682488 0.0682488 0.0674639 0.0683826 0.0673416 0.0719065 0.0672470 0.0270805 0.0278725 0.0262846 0.0278701 0.0072131 0.0178514 0.0178514 0.0170533 0.0186508 0.0186261 0.0186261 0.0186537 0.0186202 0.0186218 0.0186218 0.0186202 0.0186218 0.0117141 0.0117141 0.0117141 0.0132025 0.0109635 0.0124430 0.0124480 0.0124414 0.0131920 0.0124455 0.0131976 0.0131947 0.0131936 0.0124452 0.0124455 0.0131976 0.0139473 0.0139928 0.0139461 0.0139461 0.0035685 0.0000010 0.0014233 0.0007112 0.0007096 0.0007096 0.0310508 0.0254529 0.0262364 0.0124465 0.0147040 0.0154880 0.0310057 0.0302546 0.0072244 0.0072244 0.0079711 0.0079580 0.0079595 0.0079572 0.0079555 0.0270274 0.0270274 0.0270307 0.0270741 0.0270338 0.0278186 0.0278145 0.0287045 0.0116923 0.0043028 0.0057574 0.0064968 0.0064806 0.0021358 0.0007096 0.0014221 0.0007096 0.0007111 0.0021359 0.0007096 
H5N1.EPI_ISL_12174843.Passeriformes.japan.2.2022-03-29            0.0279150 0.0109528 0.0124159 0.0124239 0.0014242 0.0116703 0.0007111 0.0000000 0.0774100 0.0753546 0.0287089 0.0319996 0.0744091 0.0753546 0.0303238 0.0764456 0.0094590 0.0079469 0.0101852 0.0194322 0.0124659 0.0303948 0.0132149 0.0079573 0.0021392 0.0021390 0.0132149 0.0147529 0.0035755 0.0021392 0.0035808 0.0288142 0.0035754 0.0139749 0.0162527 0.0170193 0.0147299 0.0170106 0.0117136 0.0042951 0.0042947 0.0021431 0.0057532 0.0042947 0.0050272 0.0131934 0.0043043 0.0028573 0.0271448 0.0270718 0.0319107 0.0327185 0.0319212 0.0270749 0.0278701 0.0303166 0.0270749 0.0303166 0.0271217 0.0294780 0.0279217 0.0279126 0.0287590 0.0294780 0.0102036 0.0087221 0.0279126 0.0094614 0.0319212 0.0028573 0.0139737 0.0118864 0.0118876 0.0126865 0.0118912 0.0126749 0.0096315 0.0134091 0.0118864 0.0134091 0.0087075 0.0087075 0.0124197 0.0072159 0.0116703 0.0042964 0.0303634 0.0287606 0.0295608 0.0109499 0.0094483 0.0286634 0.0094483 0.0087094 0.0094462 0.0116703 0.0124159 0.0124412 0.0072232 0.0072352 0.0072262 0.0072232 0.0072353 0.0064919 0.0064932 0.0079566 0.0079566 0.0693069 0.0693069 0.0685198 0.0694435 0.0683948 0.0729841 0.0683114 0.0279217 0.0287174 0.0271217 0.0287149 0.0079583 0.0186537 0.0186537 0.0178505 0.0194582 0.0194322 0.0194322 0.0194612 0.0194261 0.0194277 0.0194277 0.0194261 0.0194277 0.0124845 0.0124845 0.0124845 0.0139789 0.0117302 0.0132154 0.0132207 0.0132138 0.0139678 0.0132181 0.0139737 0.0139706 0.0139694 0.0132178 0.0132181 0.0139737 0.0147266 0.0147749 0.0147254 0.0147254 0.0042947 0.0007111 0.0021413 0.0014265 0.0014242 0.0014242 0.0319107 0.0262846 0.0270718 0.0132192 0.0154869 0.0162759 0.0318641 0.0311107 0.0079708 0.0079708 0.0087221 0.0087076 0.0087094 0.0087068 0.0087049 0.0278666 0.0278666 0.0278701 0.0279150 0.0278733 0.0286617 0.0286574 0.0295546 0.0124611 0.0050346 0.0064972 0.0072404 0.0072231 0.0028561 0.0014242 0.0021394 0.0014241 0.0014264 0.0028562 0.0014241 
H5N1.EPI_ISL_12572652.Galliformes.china.110.2022-03-03            0.0665401 0.0824596 0.0841165 0.0822649 0.0772451 0.0831560 0.0762983 0.0774100 0.0000000 0.0014252 0.0692754 0.0732043 0.0021411 0.0014252 0.0711653 0.0028627 0.0756667 0.0822433 0.0812523 0.0719482 0.0845694 0.0695101 0.0855216 0.0725760 0.0781991 0.0744200 0.0855216 0.0877124 0.0763026 0.0781991 0.0802868 0.0695710 0.0781827 0.0865548 0.0895404 0.0905615 0.0875304 0.0884872 0.0835690 0.0810441 0.0810364 0.0783924 0.0831910 0.0810364 0.0822196 0.0795133 0.0812833 0.0791936 0.0675071 0.0673020 0.0729680 0.0739026 0.0729958 0.0673117 0.0682336 0.0711483 0.0673117 0.0711483 0.0674461 0.0701168 0.0683801 0.0683544 0.0694147 0.0701168 0.0794950 0.0775856 0.0683544 0.0785329 0.0729958 0.0791936 0.0865463 0.0849545 0.0829548 0.0853121 0.0829882 0.0841704 0.0801953 0.0869339 0.0849545 0.0869339 0.0755239 0.0764750 0.0802697 0.0774157 0.0812348 0.0772451 0.0712758 0.0694207 0.0703469 0.0785636 0.0764930 0.0664136 0.0745758 0.0755125 0.0764706 0.0831560 0.0841165 0.0843539 0.0753728 0.0755354 0.0735054 0.0753728 0.0755396 0.0744312 0.0744486 0.0763172 0.0763172 0.0101893 0.0101893 0.0102050 0.0116985 0.0124317 0.0161954 0.0148475 0.0683801 0.0674713 0.0674461 0.0692914 0.0763395 0.0709918 0.0709918 0.0699069 0.0720685 0.0719482 0.0719482 0.0720790 0.0719206 0.0719275 0.0719275 0.0719206 0.0719275 0.0847383 0.0847383 0.0847383 0.0865805 0.0827268 0.0855322 0.0855735 0.0835690 0.0864991 0.0855528 0.0865463 0.0845694 0.0865116 0.0855475 0.0855528 0.0865463 0.0875037 0.0878843 0.0874951 0.0874951 0.0810364 0.0762983 0.0782896 0.0774174 0.0772495 0.0772451 0.0729680 0.0663984 0.0673020 0.0855612 0.0885087 0.0897135 0.0719145 0.0720497 0.0764633 0.0764633 0.0775856 0.0774171 0.0774354 0.0755167 0.0774171 0.0663799 0.0682243 0.0682336 0.0665401 0.0682435 0.0691425 0.0673083 0.0703306 0.0806307 0.0725482 0.0716911 0.0755936 0.0716011 0.0772569 0.0772451 0.0782101 0.0772377 0.0774100 0.0772269 0.0753542 
H5N1.EPI_ISL_12572653.Galliformes.china.110.2021-12-07            0.0645931 0.0803546 0.0820045 0.0801664 0.0751955 0.0810519 0.0742567 0.0753546 0.0014252 0.0000000 0.0673061 0.0711961 0.0007107 0.0000010 0.0691791 0.0014253 0.0736218 0.0801457 0.0791637 0.0699335 0.0824419 0.0675324 0.0833865 0.0724177 0.0761413 0.0723939 0.0833865 0.0855527 0.0742608 0.0761413 0.0782066 0.0675908 0.0761255 0.0844095 0.0873686 0.0883802 0.0853769 0.0863261 0.0814508 0.0789629 0.0789553 0.0763279 0.0810857 0.0789553 0.0801228 0.0774350 0.0791938 0.0771263 0.0655508 0.0653531 0.0709682 0.0718949 0.0709950 0.0653624 0.0662765 0.0691626 0.0653624 0.0691626 0.0654918 0.0681428 0.0664176 0.0663929 0.0674404 0.0681428 0.0774171 0.0755239 0.0663929 0.0764633 0.0709950 0.0771263 0.0844013 0.0827949 0.0808133 0.0831402 0.0808456 0.0820125 0.0780729 0.0847572 0.0827949 0.0847572 0.0734842 0.0744271 0.0781901 0.0753602 0.0791469 0.0751955 0.0692855 0.0674461 0.0683644 0.0764930 0.0744445 0.0644714 0.0725442 0.0734732 0.0744229 0.0810519 0.0820045 0.0822336 0.0733385 0.0734952 0.0714865 0.0733385 0.0734993 0.0724047 0.0724216 0.0742749 0.0742749 0.0086955 0.0086955 0.0087088 0.0101912 0.0109209 0.0146579 0.0133031 0.0664176 0.0655161 0.0654918 0.0673215 0.0742964 0.0689857 0.0689857 0.0679143 0.0700492 0.0699335 0.0699335 0.0700595 0.0699069 0.0699135 0.0699135 0.0699069 0.0699135 0.0826050 0.0826050 0.0826050 0.0844346 0.0806129 0.0833967 0.0834367 0.0814508 0.0843556 0.0834167 0.0844013 0.0824419 0.0843677 0.0834116 0.0834167 0.0844013 0.0853511 0.0857188 0.0853428 0.0853428 0.0789553 0.0742567 0.0762289 0.0753618 0.0751997 0.0751955 0.0709682 0.0644567 0.0653531 0.0834247 0.0863469 0.0875359 0.0699270 0.0700573 0.0744158 0.0744158 0.0755239 0.0753614 0.0753791 0.0734772 0.0753614 0.0644389 0.0662675 0.0662765 0.0645931 0.0662860 0.0671781 0.0653592 0.0683486 0.0785384 0.0705378 0.0696860 0.0735517 0.0695991 0.0752069 0.0751955 0.0761520 0.0751884 0.0753546 0.0751779 0.0733205 
H5N1.EPI_ISL_12572654.Anseriformes.china.22.2021-12-08            0.0021358 0.0319990 0.0335255 0.0319355 0.0286582 0.0327194 0.0278642 0.0287089 0.0692754 0.0673061 0.0000000 0.0057471 0.0663929 0.0673061 0.0042907 0.0683451 0.0303634 0.0343649 0.0311153 0.0256135 0.0336732 0.0042999 0.0344801 0.0278725 0.0294552 0.0294518 0.0344801 0.0361936 0.0310601 0.0294552 0.0311117 0.0028606 0.0278635 0.0353150 0.0377902 0.0386274 0.0361321 0.0369434 0.0328522 0.0302502 0.0318481 0.0295154 0.0335367 0.0318481 0.0327263 0.0344186 0.0319289 0.0302673 0.0014231 0.0028554 0.0072074 0.0079403 0.0072105 0.0028556 0.0035748 0.0057524 0.0028556 0.0057524 0.0014219 0.0064724 0.0021362 0.0021356 0.0028558 0.0064724 0.0311767 0.0295722 0.0021356 0.0303716 0.0072105 0.0302673 0.0353119 0.0333545 0.0317043 0.0334700 0.0317149 0.0325986 0.0309419 0.0350055 0.0333545 0.0350055 0.0263345 0.0279265 0.0303075 0.0303174 0.0311107 0.0302609 0.0057603 0.0072244 0.0064916 0.0287717 0.0271321 0.0057442 0.0255448 0.0263315 0.0271256 0.0327194 0.0335255 0.0336011 0.0270779 0.0271264 0.0270900 0.0270779 0.0271271 0.0262883 0.0262938 0.0278698 0.0278698 0.0615085 0.0615085 0.0607327 0.0616255 0.0606259 0.0650668 0.0622524 0.0021362 0.0028521 0.0014219 0.0028519 0.0278764 0.0248187 0.0248187 0.0239890 0.0256486 0.0256135 0.0256135 0.0256525 0.0256053 0.0256075 0.0256075 0.0256053 0.0256075 0.0337281 0.0337281 0.0337281 0.0353252 0.0329008 0.0344823 0.0344971 0.0328522 0.0336538 0.0344897 0.0353119 0.0353032 0.0353001 0.0344886 0.0344897 0.0353119 0.0361231 0.0362521 0.0361199 0.0361199 0.0318481 0.0278642 0.0294856 0.0287114 0.0286590 0.0286582 0.0072074 0.0021388 0.0028554 0.0344928 0.0369513 0.0378494 0.0086619 0.0064788 0.0271233 0.0271233 0.0295722 0.0279174 0.0279233 0.0279142 0.0295083 0.0035744 0.0035744 0.0035748 0.0021358 0.0035751 0.0042952 0.0042947 0.0035741 0.0336600 0.0247143 0.0263098 0.0271463 0.0270772 0.0286615 0.0286582 0.0294588 0.0286557 0.0287089 0.0302546 0.0286557 
H5N1.EPI_ISL_12572656.Anseriformes.china.22.2022-02-22            0.0050222 0.0353467 0.0368859 0.0352756 0.0319423 0.0360683 0.0311369 0.0319996 0.0732043 0.0711961 0.0057471 0.0000000 0.0702684 0.0711961 0.0057487 0.0722588 0.0336845 0.0377404 0.0344418 0.0288691 0.0370510 0.0072236 0.0378689 0.0311462 0.0327510 0.0327471 0.0378689 0.0396151 0.0343797 0.0327510 0.0344377 0.0057659 0.0311360 0.0370498 0.0395467 0.0403916 0.0378737 0.0386915 0.0362171 0.0335570 0.0351774 0.0328189 0.0368985 0.0351774 0.0360761 0.0378003 0.0352680 0.0335763 0.0043024 0.0057552 0.0101723 0.0109143 0.0101754 0.0057558 0.0050289 0.0086983 0.0057558 0.0086983 0.0042989 0.0094243 0.0035775 0.0050218 0.0057561 0.0094243 0.0345108 0.0328830 0.0050218 0.0336938 0.0101754 0.0335763 0.0370465 0.0367751 0.0350995 0.0369043 0.0351115 0.0360149 0.0343321 0.0384504 0.0367751 0.0384504 0.0295916 0.0312075 0.0336215 0.0336327 0.0344366 0.0335691 0.0087106 0.0101952 0.0094517 0.0320707 0.0304015 0.0086853 0.0287904 0.0295881 0.0303942 0.0360683 0.0368859 0.0369706 0.0303400 0.0303951 0.0303537 0.0303400 0.0303959 0.0295390 0.0295452 0.0311433 0.0311433 0.0652852 0.0652852 0.0645047 0.0654113 0.0643894 0.0688967 0.0660820 0.0035775 0.0042989 0.0042989 0.0042985 0.0311508 0.0280620 0.0280620 0.0272143 0.0289092 0.0288691 0.0288691 0.0289136 0.0288597 0.0288622 0.0288622 0.0288597 0.0288622 0.0371123 0.0371123 0.0362768 0.0387290 0.0362711 0.0378715 0.0362248 0.0362171 0.0370293 0.0362171 0.0370465 0.0370373 0.0370340 0.0362159 0.0362171 0.0370465 0.0378643 0.0396811 0.0378609 0.0378609 0.0351774 0.0311369 0.0327851 0.0320024 0.0319432 0.0319423 0.0101723 0.0050294 0.0057552 0.0362203 0.0386999 0.0396092 0.0116415 0.0094340 0.0303915 0.0303915 0.0328830 0.0311972 0.0312038 0.0311936 0.0328109 0.0064840 0.0064840 0.0064848 0.0050222 0.0050294 0.0072156 0.0072147 0.0064835 0.0370363 0.0279422 0.0295633 0.0304175 0.0303391 0.0319460 0.0319423 0.0327550 0.0319395 0.0319996 0.0335620 0.0319395 
H5N1.EPI_ISL_12572657.Anseriformes.china.110.2021-11-27           0.0636877 0.0793911 0.0810394 0.0792058 0.0742526 0.0800896 0.0733165 0.0744091 0.0021411 0.0007107 0.0663929 0.0702684 0.0000000 0.0007107 0.0682598 0.0021413 0.0726797 0.0811282 0.0782066 0.0708846 0.0814702 0.0666155 0.0824123 0.0714826 0.0751955 0.0714592 0.0824123 0.0845694 0.0733205 0.0751955 0.0772525 0.0666728 0.0751800 0.0834316 0.0863815 0.0873897 0.0843961 0.0853428 0.0804824 0.0780089 0.0780015 0.0753791 0.0801228 0.0780015 0.0791629 0.0764809 0.0782363 0.0761771 0.0646420 0.0644475 0.0700442 0.0709682 0.0700706 0.0644567 0.0653680 0.0682435 0.0644567 0.0682435 0.0645839 0.0672282 0.0655067 0.0654824 0.0665249 0.0672282 0.0764633 0.0745758 0.0654824 0.0755125 0.0700706 0.0761771 0.0834235 0.0818089 0.0798337 0.0821490 0.0798655 0.0810266 0.0770995 0.0837654 0.0818089 0.0837654 0.0725442 0.0734842 0.0772363 0.0744147 0.0781901 0.0742526 0.0683644 0.0665305 0.0674461 0.0755417 0.0735014 0.0635681 0.0716071 0.0725334 0.0734802 0.0800896 0.0810394 0.0812649 0.0724008 0.0725551 0.0705542 0.0724008 0.0725590 0.0714698 0.0714865 0.0733344 0.0733344 0.0094352 0.0094352 0.0094498 0.0109367 0.0116678 0.0154157 0.0140651 0.0655067 0.0646078 0.0645839 0.0664081 0.0733556 0.0699335 0.0699335 0.0688565 0.0710024 0.0708846 0.0708846 0.0710128 0.0708576 0.0708643 0.0708643 0.0708576 0.0708643 0.0816309 0.0816309 0.0816309 0.0834563 0.0796458 0.0824222 0.0824617 0.0804824 0.0833785 0.0824419 0.0834235 0.0814702 0.0833904 0.0824370 0.0824419 0.0834235 0.0843707 0.0847331 0.0843625 0.0843625 0.0780015 0.0733165 0.0752819 0.0744162 0.0742567 0.0742526 0.0700442 0.0635537 0.0644475 0.0824499 0.0853633 0.0865463 0.0690078 0.0691359 0.0734732 0.0734732 0.0745758 0.0744158 0.0744333 0.0725373 0.0744158 0.0635362 0.0653592 0.0653680 0.0636877 0.0653773 0.0662670 0.0644535 0.0674306 0.0775791 0.0696086 0.0687585 0.0726108 0.0686729 0.0742637 0.0742526 0.0752060 0.0742455 0.0744091 0.0742352 0.0723832 
H5N1.EPI_ISL_12572658.Anseriformes.china.110.2022-01-10           0.0645931 0.0803546 0.0820045 0.0801664 0.0751955 0.0810519 0.0742567 0.0753546 0.0014252 0.0000010 0.0673061 0.0711961 0.0007107 0.0000000 0.0691791 0.0014253 0.0736218 0.0801457 0.0791637 0.0699335 0.0824419 0.0675324 0.0833865 0.0724177 0.0761413 0.0723939 0.0833865 0.0855527 0.0742608 0.0761413 0.0782066 0.0675908 0.0761255 0.0844095 0.0873686 0.0883802 0.0853769 0.0863261 0.0814508 0.0789629 0.0789553 0.0763279 0.0810857 0.0789553 0.0801228 0.0774350 0.0791938 0.0771263 0.0655508 0.0653531 0.0709682 0.0718949 0.0709950 0.0653624 0.0662765 0.0691626 0.0653624 0.0691626 0.0654918 0.0681428 0.0664176 0.0663929 0.0674404 0.0681428 0.0774171 0.0755239 0.0663929 0.0764633 0.0709950 0.0771263 0.0844013 0.0827949 0.0808133 0.0831402 0.0808456 0.0820125 0.0780729 0.0847572 0.0827949 0.0847572 0.0734842 0.0744271 0.0781901 0.0753602 0.0791469 0.0751955 0.0692855 0.0674461 0.0683644 0.0764930 0.0744445 0.0644714 0.0725442 0.0734732 0.0744229 0.0810519 0.0820045 0.0822336 0.0733385 0.0734952 0.0714865 0.0733385 0.0734993 0.0724047 0.0724216 0.0742749 0.0742749 0.0086955 0.0086955 0.0087088 0.0101912 0.0109209 0.0146579 0.0133031 0.0664176 0.0655161 0.0654918 0.0673215 0.0742964 0.0689857 0.0689857 0.0679143 0.0700492 0.0699335 0.0699335 0.0700595 0.0699069 0.0699135 0.0699135 0.0699069 0.0699135 0.0826050 0.0826050 0.0826050 0.0844346 0.0806129 0.0833967 0.0834367 0.0814508 0.0843556 0.0834167 0.0844013 0.0824419 0.0843677 0.0834116 0.0834167 0.0844013 0.0853511 0.0857188 0.0853428 0.0853428 0.0789553 0.0742567 0.0762289 0.0753618 0.0751997 0.0751955 0.0709682 0.0644567 0.0653531 0.0834247 0.0863469 0.0875359 0.0699270 0.0700573 0.0744158 0.0744158 0.0755239 0.0753614 0.0753791 0.0734772 0.0753614 0.0644389 0.0662675 0.0662765 0.0645931 0.0662860 0.0671781 0.0653592 0.0683486 0.0785384 0.0705378 0.0696860 0.0735517 0.0695991 0.0752069 0.0751955 0.0761520 0.0751884 0.0753546 0.0751779 0.0733205 
H5N1.EPI_ISL_12572659.Anseriformes.china.22.2022-01-10            0.0035710 0.0336392 0.0351708 0.0335721 0.0302699 0.0343597 0.0294710 0.0303238 0.0711653 0.0691791 0.0042907 0.0057487 0.0682598 0.0691791 0.0000000 0.0702285 0.0319919 0.0360168 0.0327459 0.0272136 0.0353268 0.0057516 0.0361385 0.0294797 0.0310720 0.0310684 0.0361385 0.0378665 0.0326874 0.0310720 0.0327420 0.0043047 0.0294701 0.0353257 0.0378017 0.0386391 0.0361430 0.0369546 0.0345001 0.0318718 0.0334795 0.0311360 0.0351826 0.0334795 0.0343670 0.0360735 0.0335650 0.0318900 0.0028552 0.0042968 0.0086784 0.0094148 0.0086810 0.0042972 0.0050208 0.0072148 0.0042972 0.0072148 0.0028529 0.0079373 0.0035718 0.0035707 0.0042975 0.0079373 0.0328109 0.0311963 0.0035707 0.0320006 0.0086810 0.0318900 0.0353226 0.0350292 0.0333679 0.0351513 0.0333792 0.0342718 0.0326037 0.0366907 0.0350292 0.0366907 0.0279347 0.0295373 0.0319326 0.0319431 0.0327410 0.0318832 0.0072250 0.0086978 0.0079602 0.0303906 0.0287378 0.0072033 0.0271401 0.0279315 0.0287309 0.0343597 0.0351708 0.0352507 0.0286801 0.0287317 0.0286929 0.0286801 0.0287325 0.0278855 0.0278913 0.0294770 0.0294770 0.0633323 0.0633323 0.0625549 0.0634535 0.0624441 0.0669130 0.0641009 0.0035718 0.0042919 0.0028529 0.0042916 0.0294840 0.0264133 0.0264133 0.0255755 0.0272511 0.0272136 0.0272136 0.0272553 0.0272048 0.0272071 0.0272071 0.0272048 0.0272071 0.0353848 0.0353848 0.0345565 0.0369902 0.0345513 0.0361408 0.0345075 0.0345001 0.0353063 0.0345001 0.0353226 0.0353139 0.0353107 0.0344990 0.0345001 0.0353226 0.0361341 0.0379281 0.0361309 0.0361309 0.0334795 0.0294710 0.0311042 0.0303265 0.0302708 0.0302699 0.0086784 0.0035761 0.0042968 0.0345032 0.0369625 0.0378609 0.0101386 0.0079454 0.0287284 0.0287284 0.0311963 0.0295276 0.0295338 0.0295242 0.0311285 0.0050202 0.0050202 0.0050208 0.0035710 0.0050213 0.0057454 0.0057446 0.0050198 0.0353129 0.0263015 0.0279084 0.0287529 0.0286793 0.0302734 0.0302699 0.0310759 0.0302673 0.0303238 0.0318765 0.0302673 
H5N1.EPI_ISL_12572660.Anseriformes.china.110.2021-12-08           0.0656182 0.0814761 0.0831311 0.0812843 0.0762833 0.0821735 0.0753395 0.0764456 0.0028627 0.0014253 0.0683451 0.0722588 0.0021413 0.0014253 0.0702285 0.0000000 0.0747059 0.0812631 0.0802755 0.0709986 0.0835772 0.0685760 0.0845266 0.0734912 0.0772343 0.0734670 0.0845266 0.0867077 0.0753437 0.0772343 0.0793132 0.0686358 0.0772181 0.0855559 0.0885316 0.0895491 0.0865284 0.0874825 0.0825802 0.0800706 0.0800629 0.0774245 0.0822079 0.0800629 0.0812397 0.0785399 0.0803061 0.0782251 0.0665816 0.0663799 0.0720262 0.0729579 0.0720536 0.0663894 0.0673083 0.0702118 0.0663894 0.0702118 0.0665215 0.0691850 0.0674524 0.0674271 0.0684822 0.0691850 0.0785218 0.0766184 0.0674271 0.0775627 0.0720536 0.0782251 0.0855475 0.0839475 0.0819546 0.0842997 0.0819875 0.0831635 0.0792017 0.0859206 0.0839475 0.0859206 0.0745654 0.0755134 0.0792963 0.0764513 0.0802583 0.0762833 0.0703372 0.0684880 0.0694112 0.0775930 0.0755311 0.0654939 0.0736203 0.0745541 0.0755091 0.0821735 0.0831311 0.0833648 0.0744167 0.0745766 0.0725551 0.0744167 0.0745808 0.0734780 0.0734952 0.0753581 0.0753581 0.0101901 0.0101901 0.0102058 0.0116995 0.0124327 0.0161968 0.0148488 0.0674524 0.0665463 0.0665215 0.0683608 0.0753800 0.0700455 0.0700455 0.0689661 0.0711168 0.0709986 0.0709986 0.0711272 0.0709714 0.0709782 0.0709782 0.0709714 0.0709782 0.0837435 0.0837435 0.0837435 0.0855813 0.0817393 0.0845370 0.0845777 0.0825802 0.0855010 0.0845573 0.0855475 0.0835772 0.0855133 0.0845521 0.0845573 0.0855475 0.0865021 0.0868771 0.0864937 0.0864937 0.0800629 0.0753395 0.0773235 0.0764529 0.0762876 0.0762833 0.0720262 0.0654790 0.0663799 0.0845655 0.0875037 0.0887022 0.0709777 0.0711107 0.0755019 0.0755019 0.0766184 0.0764526 0.0764706 0.0745583 0.0764526 0.0654607 0.0672992 0.0673083 0.0656182 0.0673180 0.0682144 0.0663861 0.0693952 0.0796517 0.0716011 0.0707459 0.0746341 0.0706572 0.0762949 0.0762833 0.0772451 0.0762760 0.0764456 0.0762654 0.0743984 
H5N1.EPI_ISL_12572662.Anseriformes.china.19.2022-01-05            0.0295634 0.0057564 0.0071972 0.0072015 0.0094436 0.0064692 0.0087050 0.0094590 0.0756667 0.0736218 0.0303634 0.0336845 0.0726797 0.0736218 0.0319919 0.0747059 0.0000000 0.0147046 0.0050190 0.0201726 0.0072261 0.0320673 0.0079580 0.0101862 0.0101843 0.0101833 0.0079580 0.0094487 0.0116735 0.0101843 0.0116915 0.0304757 0.0116730 0.0086973 0.0109186 0.0116653 0.0094343 0.0116594 0.0064932 0.0124161 0.0124151 0.0102036 0.0139437 0.0124151 0.0131910 0.0079454 0.0124443 0.0109315 0.0287885 0.0287105 0.0335902 0.0344044 0.0336013 0.0287139 0.0295154 0.0319842 0.0287139 0.0319842 0.0287640 0.0327471 0.0295705 0.0295608 0.0304167 0.0327471 0.0050276 0.0035817 0.0295608 0.0043035 0.0336013 0.0109315 0.0086965 0.0080760 0.0065877 0.0088495 0.0065897 0.0073455 0.0043798 0.0095704 0.0080760 0.0095704 0.0035759 0.0035759 0.0071992 0.0139526 0.0064692 0.0109293 0.0320340 0.0304185 0.0312251 0.0057548 0.0042978 0.0303148 0.0042978 0.0035766 0.0042969 0.0064692 0.0071972 0.0072121 0.0079700 0.0094603 0.0094484 0.0079700 0.0094604 0.0087059 0.0087076 0.0087066 0.0087066 0.0676052 0.0676052 0.0665515 0.0677380 0.0666961 0.0712708 0.0665943 0.0295705 0.0303724 0.0287640 0.0303698 0.0087085 0.0193932 0.0193932 0.0185879 0.0201996 0.0201726 0.0201726 0.0202027 0.0201662 0.0201679 0.0201679 0.0201662 0.0201679 0.0072366 0.0072366 0.0072366 0.0086997 0.0065022 0.0079583 0.0079615 0.0079574 0.0086929 0.0086957 0.0086965 0.0086947 0.0086939 0.0086955 0.0086957 0.0086965 0.0094323 0.0094624 0.0094315 0.0094315 0.0124151 0.0087050 0.0101943 0.0094598 0.0094437 0.0094436 0.0335902 0.0279174 0.0287105 0.0094332 0.0101733 0.0109338 0.0335406 0.0327841 0.0028569 0.0028569 0.0035817 0.0035760 0.0035766 0.0028569 0.0035749 0.0295118 0.0295118 0.0295154 0.0295634 0.0295188 0.0303130 0.0303084 0.0312184 0.0072234 0.0072346 0.0087129 0.0094671 0.0094443 0.0094445 0.0094436 0.0101855 0.0094428 0.0094590 0.0109272 0.0094428 
H5N1.EPI_ISL_12572664.Anseriformes.china.2.2021-11-25             0.0335547 0.0162328 0.0177118 0.0177235 0.0079340 0.0169514 0.0072020 0.0079469 0.0822433 0.0801457 0.0343649 0.0377404 0.0811282 0.0801457 0.0360168 0.0812631 0.0147046 0.0000000 0.0154373 0.0233459 0.0177848 0.0361026 0.0185479 0.0131561 0.0086674 0.0086665 0.0185479 0.0201282 0.0101413 0.0086674 0.0101569 0.0344937 0.0101410 0.0193260 0.0216517 0.0224354 0.0200961 0.0224237 0.0170158 0.0108771 0.0108762 0.0086836 0.0123860 0.0108762 0.0116411 0.0185170 0.0109015 0.0094065 0.0319647 0.0326833 0.0376333 0.0384582 0.0376459 0.0326871 0.0334995 0.0360082 0.0326871 0.0360082 0.0327449 0.0351445 0.0335629 0.0335517 0.0344260 0.0351445 0.0154658 0.0139544 0.0335517 0.0147083 0.0376459 0.0094065 0.0193243 0.0164945 0.0164962 0.0173236 0.0149547 0.0157531 0.0142065 0.0180441 0.0164945 0.0180441 0.0139305 0.0139305 0.0177173 0.0079250 0.0169514 0.0064736 0.0360650 0.0344281 0.0352453 0.0162284 0.0146875 0.0343090 0.0146875 0.0139336 0.0146842 0.0169514 0.0177118 0.0177488 0.0124067 0.0124276 0.0109187 0.0124067 0.0124279 0.0116607 0.0116630 0.0131548 0.0131548 0.0739748 0.0739748 0.0731849 0.0741230 0.0730491 0.0777063 0.0730163 0.0335629 0.0343752 0.0327449 0.0343722 0.0131577 0.0225549 0.0225549 0.0217328 0.0233776 0.0233459 0.0233459 0.0233812 0.0233384 0.0233404 0.0233404 0.0233384 0.0233404 0.0178119 0.0178119 0.0178119 0.0193315 0.0162762 0.0185487 0.0185563 0.0185463 0.0193159 0.0185525 0.0193243 0.0193199 0.0193183 0.0185521 0.0185525 0.0193243 0.0200915 0.0201588 0.0200898 0.0200898 0.0108762 0.0072020 0.0086758 0.0079476 0.0079342 0.0079340 0.0376333 0.0318802 0.0326833 0.0185541 0.0208682 0.0216834 0.0375768 0.0368173 0.0131789 0.0131789 0.0139544 0.0139308 0.0139336 0.0139293 0.0139262 0.0334953 0.0334953 0.0334995 0.0335547 0.0335035 0.0343071 0.0343018 0.0352378 0.0177779 0.0101744 0.0116700 0.0124366 0.0124065 0.0050207 0.0079340 0.0086684 0.0079334 0.0079469 0.0094027 0.0079334 
H5N1.EPI_ISL_14886367.Anseriformes.bangladesh.19.2021-12-19       0.0303146 0.0007115 0.0079158 0.0021363 0.0101685 0.0071870 0.0094291 0.0101852 0.0812523 0.0791637 0.0311153 0.0344418 0.0782066 0.0791637 0.0327459 0.0802755 0.0050190 0.0154373 0.0000000 0.0201401 0.0079476 0.0312089 0.0086802 0.0109121 0.0109101 0.0109090 0.0086802 0.0101740 0.0124011 0.0109101 0.0124203 0.0312305 0.0124006 0.0094206 0.0116447 0.0123924 0.0101585 0.0123861 0.0072136 0.0131443 0.0131432 0.0109308 0.0146751 0.0131432 0.0139216 0.0086665 0.0131742 0.0116585 0.0295395 0.0294595 0.0343452 0.0351602 0.0343566 0.0294629 0.0302653 0.0327380 0.0294629 0.0327380 0.0295143 0.0335006 0.0303219 0.0303120 0.0311701 0.0335006 0.0057452 0.0042975 0.0303120 0.0050201 0.0343566 0.0116585 0.0094199 0.0088089 0.0073187 0.0095855 0.0073209 0.0080789 0.0051091 0.0103050 0.0088089 0.0103050 0.0042905 0.0042905 0.0079181 0.0146845 0.0071870 0.0116562 0.0327890 0.0311719 0.0319793 0.0064733 0.0050135 0.0310655 0.0050135 0.0042914 0.0050124 0.0071870 0.0079158 0.0035756 0.0086933 0.0087077 0.0101737 0.0086933 0.0101866 0.0094300 0.0094319 0.0094308 0.0094308 0.0730192 0.0730192 0.0722300 0.0731650 0.0720965 0.0767389 0.0720532 0.0303219 0.0311246 0.0295143 0.0311219 0.0094328 0.0193621 0.0193621 0.0185582 0.0201670 0.0201401 0.0201401 0.0201701 0.0201338 0.0201355 0.0201355 0.0201338 0.0201355 0.0079592 0.0079592 0.0079592 0.0094233 0.0072237 0.0086805 0.0086840 0.0086795 0.0094160 0.0094189 0.0094199 0.0094178 0.0094170 0.0094188 0.0094189 0.0094199 0.0101563 0.0101888 0.0101555 0.0101555 0.0131432 0.0094291 0.0109208 0.0101860 0.0101686 0.0101685 0.0343452 0.0286656 0.0294595 0.0101573 0.0108983 0.0116609 0.0342945 0.0335385 0.0035706 0.0035706 0.0042975 0.0042906 0.0042914 0.0042902 0.0042893 0.0302616 0.0302616 0.0302653 0.0303146 0.0302689 0.0310637 0.0310589 0.0319725 0.0079446 0.0079569 0.0094376 0.0101938 0.0101693 0.0101695 0.0101685 0.0109114 0.0101676 0.0101852 0.0116538 0.0101676 
H5N1.EPI_ISL_15647835.Anseriformes.south_korea.9.2022-10-19       0.0248260 0.0209658 0.0232493 0.0224826 0.0193988 0.0224691 0.0186261 0.0194322 0.0719482 0.0699335 0.0256135 0.0288691 0.0708846 0.0699335 0.0272136 0.0709986 0.0201726 0.0233459 0.0201401 0.0000000 0.0233480 0.0264809 0.0241303 0.0186315 0.0201743 0.0201721 0.0241303 0.0257649 0.0217346 0.0201743 0.0217698 0.0257067 0.0201716 0.0249322 0.0273221 0.0281287 0.0257227 0.0281135 0.0225569 0.0225081 0.0225062 0.0202143 0.0241289 0.0225062 0.0233406 0.0240889 0.0225617 0.0209607 0.0240596 0.0239953 0.0287896 0.0295907 0.0287990 0.0239980 0.0247863 0.0272071 0.0239980 0.0272071 0.0240392 0.0279646 0.0248318 0.0248239 0.0256579 0.0279646 0.0209557 0.0194043 0.0248239 0.0201778 0.0287990 0.0209607 0.0249300 0.0245021 0.0228999 0.0253879 0.0229073 0.0237497 0.0205507 0.0261076 0.0245021 0.0261076 0.0162942 0.0162942 0.0201370 0.0225649 0.0209131 0.0209564 0.0272487 0.0272544 0.0280528 0.0186308 0.0170630 0.0263724 0.0155312 0.0162925 0.0170591 0.0224691 0.0232493 0.0225155 0.0178589 0.0171200 0.0178667 0.0178589 0.0178904 0.0170904 0.0170939 0.0186297 0.0186297 0.0649308 0.0649308 0.0641439 0.0650572 0.0640283 0.0685696 0.0657298 0.0248318 0.0256211 0.0240392 0.0256189 0.0186339 0.0007110 0.0007110 0.0014262 0.0014260 0.0014243 0.0014243 0.0014262 0.0014238 0.0014240 0.0014240 0.0014238 0.0014240 0.0233846 0.0233846 0.0233846 0.0249393 0.0218047 0.0241316 0.0241417 0.0225569 0.0249189 0.0241366 0.0249300 0.0249241 0.0249219 0.0241360 0.0241366 0.0249300 0.0257166 0.0258051 0.0257143 0.0257143 0.0225062 0.0186261 0.0201948 0.0194339 0.0193993 0.0193988 0.0287896 0.0232142 0.0239953 0.0241387 0.0265153 0.0273633 0.0279537 0.0279957 0.0170577 0.0170577 0.0194043 0.0178251 0.0178287 0.0178231 0.0193639 0.0247833 0.0247833 0.0247863 0.0248260 0.0247891 0.0255718 0.0255680 0.0264473 0.0233388 0.0155591 0.0171043 0.0179031 0.0178585 0.0194010 0.0193988 0.0201767 0.0193972 0.0194322 0.0209520 0.0193972 
