29
H5N2.EPI_ISL_1760455.Anseriformes.china.286.2020-11-10       0.0000000 0.0347778 0.0658924 0.0375323 0.0329897 0.0312957 0.0355623 0.0287814 0.0196785 0.0014475 0.0165286 0.0173114 0.0181360 0.0181059 0.0076489 0.0206121 0.0591265 0.0698952 0.0517840 0.0535094 0.0707308 0.0498804 0.0546943 0.0436034 0.0582785 0.0516581 0.0525939 0.0554837 0.0489216 
H5N2.EPI_ISL_15732741.Passeriformes.japan.297.2022-10-28     0.0347778 0.0000000 0.0671749 0.0036434 0.0118602 0.0088337 0.0141641 0.0110950 0.0213560 0.0348518 0.0278530 0.0286809 0.0312431 0.0295264 0.0389984 0.0304355 0.0594219 0.0732049 0.0566853 0.0546735 0.0711078 0.0519507 0.0577859 0.0455930 0.0595402 0.0519076 0.0528490 0.0576316 0.0509773 
H5N2.EPI_ISL_china_13.Anseriformes.china.101.2022-01-26      0.0658924 0.0671749 0.0000000 0.0705247 0.0660598 0.0660245 0.0670533 0.0611858 0.0522481 0.0660538 0.0568451 0.0577862 0.0589185 0.0587594 0.0679668 0.0640299 0.0227652 0.0180325 0.0188467 0.0195969 0.0213931 0.0292593 0.0212627 0.0327667 0.0268424 0.0325665 0.0334103 0.0244084 0.0300648 
H5N2.EPI_ISL_18284476.Galliformes.japan.NA.2023-01-17        0.0375323 0.0036434 0.0705247 0.0000000 0.0142157 0.0111444 0.0165553 0.0134382 0.0238751 0.0376136 0.0304750 0.0313166 0.0339273 0.0321772 0.0419406 0.0331076 0.0626266 0.0766718 0.0598464 0.0577902 0.0745795 0.0550222 0.0609759 0.0485540 0.0617978 0.0549757 0.0559349 0.0608099 0.0540284 
H3N2.EPI_ISL_9572777.Anseriformes.viet_nam.NA.2020-07-29     0.0329897 0.0118602 0.0660598 0.0142157 0.0000000 0.0073202 0.0021711 0.0065761 0.0165699 0.0330591 0.0229160 0.0237240 0.0262153 0.0245470 0.0353159 0.0254226 0.0573942 0.0681159 0.0528332 0.0508657 0.0649912 0.0499985 0.0539040 0.0419349 0.0556375 0.0481464 0.0490704 0.0537628 0.0472325 
H9N2.EPI_ISL_14867047.Anseriformes.japan.NA.2021-09-01       0.0312957 0.0088337 0.0660245 0.0111444 0.0073202 0.0000000 0.0095696 0.0065735 0.0181287 0.0313610 0.0229058 0.0237135 0.0262035 0.0245360 0.0352986 0.0254111 0.0555007 0.0700380 0.0528062 0.0508400 0.0669159 0.0481615 0.0538763 0.0419144 0.0556089 0.0481224 0.0490458 0.0537353 0.0472090 
H3N2.EPI_ISL_9572817.Anseriformes.viet_nam.NA.2020-09-25     0.0355623 0.0141641 0.0670533 0.0165553 0.0021711 0.0095696 0.0000000 0.0088183 0.0189389 0.0356381 0.0253562 0.0261736 0.0286985 0.0270072 0.0380216 0.0278988 0.0583520 0.0691191 0.0537747 0.0517970 0.0659938 0.0509272 0.0548523 0.0446335 0.0547267 0.0490672 0.0499952 0.0547081 0.0481495 
H11N2.EPI_ISL_13439051.environment.japan.NA.2019-12-16       0.0287814 0.0110950 0.0611858 0.0134382 0.0065761 0.0065735 0.0088183 0.0000000 0.0142251 0.0288408 0.0189178 0.0181251 0.0221482 0.0205166 0.0308916 0.0229702 0.0508323 0.0651181 0.0482098 0.0462912 0.0639336 0.0454365 0.0492476 0.0375239 0.0509592 0.0436228 0.0445276 0.0491214 0.0427269 
H5N2.EPI_ISL_3229260.Anseriformes.china.NA.2018-12-25        0.0196785 0.0213560 0.0522481 0.0238751 0.0165699 0.0181287 0.0189389 0.0142251 0.0000000 0.0197172 0.0118306 0.0125923 0.0149207 0.0133633 0.0213277 0.0173313 0.0458966 0.0559958 0.0398257 0.0388820 0.0566260 0.0371821 0.0407977 0.0295952 0.0442124 0.0371537 0.0380245 0.0406980 0.0345920 
H9N2.EPI_ISL_1760456.Anseriformes.china.NA.2020-11-10        0.0014475 0.0348518 0.0660538 0.0376136 0.0330591 0.0313610 0.0356381 0.0288408 0.0197172 0.0000000 0.0165606 0.0173450 0.0181715 0.0181412 0.0076489 0.0206530 0.0592670 0.0700694 0.0519034 0.0536335 0.0709099 0.0499943 0.0548224 0.0437003 0.0584167 0.0517769 0.0527153 0.0556137 0.0490327 
H6N2.EPI_ISL_462607.Anseriformes.china.NA.2019-11-19         0.0165286 0.0278530 0.0568451 0.0304750 0.0229160 0.0229058 0.0253562 0.0189178 0.0118306 0.0165606 0.0000000 0.0021692 0.0103352 0.0073190 0.0180281 0.0126743 0.0521817 0.0606666 0.0442023 0.0449908 0.0632727 0.0432518 0.0469834 0.0372052 0.0504684 0.0414725 0.0423602 0.0468654 0.0405930 
H6N2.EPI_ISL_4071038.Anseriformes.south_korea.NA.2019-11-06  0.0173114 0.0286809 0.0577862 0.0313166 0.0237240 0.0237135 0.0261736 0.0181251 0.0125923 0.0173450 0.0021692 0.0000000 0.0110932 0.0080660 0.0188479 0.0134441 0.0512586 0.0616238 0.0450954 0.0458850 0.0642511 0.0441398 0.0478894 0.0380711 0.0513855 0.0423531 0.0432445 0.0477686 0.0414702 
H4N2.EPI_ISL_700932.NA.china.NA.2019-10-31                   0.0181360 0.0312431 0.0589185 0.0339273 0.0262153 0.0262035 0.0286985 0.0221482 0.0149207 0.0181715 0.0103352 0.0110932 0.0000000 0.0103386 0.0197152 0.0081288 0.0541977 0.0627882 0.0461046 0.0468973 0.0654502 0.0469183 0.0489203 0.0390115 0.0524379 0.0450795 0.0459835 0.0487960 0.0442096 
H6N2.EPI_ISL_462611.Anseriformes.china.NA.2019-11-19         0.0181059 0.0295264 0.0587594 0.0321772 0.0245470 0.0245360 0.0270072 0.0205166 0.0133633 0.0181412 0.0073190 0.0080660 0.0103386 0.0000000 0.0196808 0.0126786 0.0540551 0.0626151 0.0460143 0.0468052 0.0652654 0.0450531 0.0488227 0.0389593 0.0523316 0.0450173 0.0459198 0.0486990 0.0423713 
H9N2.EPI_ISL_13156588.Charadriiformes.china.NA.2020-09-10    0.0076489 0.0389984 0.0679668 0.0419406 0.0353159 0.0352986 0.0380216 0.0308916 0.0213277 0.0076489 0.0180281 0.0188479 0.0197152 0.0196808 0.0000000 0.0205540 0.0628429 0.0721736 0.0531770 0.0549803 0.0707800 0.0530873 0.0562291 0.0446175 0.0609927 0.0530415 0.0540217 0.0560875 0.0501775 
H4N2.EPI_ISL_17811772.Anseriformes.china.NA.2019-11-09       0.0206121 0.0304355 0.0640299 0.0331076 0.0254226 0.0254111 0.0278988 0.0229702 0.0173313 0.0206530 0.0126743 0.0134441 0.0081288 0.0126786 0.0205540 0.0000000 0.0591821 0.0680053 0.0527563 0.0526195 0.0656456 0.0517495 0.0556827 0.0436445 0.0592993 0.0498574 0.0507861 0.0555360 0.0489676 
H3N2.EPI_ISL_14776042.Anseriformes.bangladesh.NA.2020-10-22  0.0591265 0.0594219 0.0227652 0.0626266 0.0573942 0.0555007 0.0583520 0.0508323 0.0458966 0.0592670 0.0521817 0.0512586 0.0541977 0.0540551 0.0628429 0.0591821 0.0000000 0.0260080 0.0126296 0.0118462 0.0262655 0.0211706 0.0134243 0.0245057 0.0188280 0.0259709 0.0267888 0.0149330 0.0219522 
H6N2.EPI_ISL_16886900.Anseriformes.south_korea.NA.2022-03-02 0.0698952 0.0732049 0.0180325 0.0766718 0.0681159 0.0700380 0.0691191 0.0651181 0.0559958 0.0700694 0.0606666 0.0616238 0.0627882 0.0626151 0.0721736 0.0680053 0.0260080 0.0000000 0.0236359 0.0227927 0.0214223 0.0342706 0.0244968 0.0361857 0.0301535 0.0376512 0.0385153 0.0276818 0.0334189 
H5N2.EPI_ISL_16839585.NA.south_korea.NA.2018-01-05           0.0517840 0.0566853 0.0188467 0.0598464 0.0528332 0.0528062 0.0537747 0.0482098 0.0398257 0.0519034 0.0442023 0.0450954 0.0461046 0.0460143 0.0531770 0.0527563 0.0126296 0.0236359 0.0000000 0.0051107 0.0238682 0.0157075 0.0051092 0.0173627 0.0118817 0.0188278 0.0196200 0.0096029 0.0149278 
H5N2.EPI_ISL_369324.Anseriformes.south_korea.NA.2017-10-26   0.0535094 0.0546735 0.0195969 0.0577902 0.0508657 0.0508400 0.0517970 0.0462912 0.0388820 0.0536335 0.0449908 0.0458850 0.0468973 0.0468052 0.0549803 0.0526195 0.0118462 0.0227927 0.0051107 0.0000000 0.0230155 0.0149082 0.0058636 0.0165499 0.0111012 0.0180120 0.0187998 0.0088343 0.0141328 
H5N2.EPI_ISL_14867043.Anseriformes.japan.NA.2020-09-01       0.0707308 0.0711078 0.0213931 0.0745795 0.0649912 0.0669159 0.0659938 0.0639336 0.0566260 0.0709099 0.0632727 0.0642511 0.0654502 0.0652654 0.0707800 0.0656456 0.0262655 0.0214223 0.0238682 0.0230155 0.0000000 0.0329341 0.0247389 0.0348503 0.0304574 0.0363305 0.0371996 0.0279580 0.0320789 
H3N2.EPI_ISL_337398.Anseriformes.russia.NA.2018-09-15        0.0498804 0.0519507 0.0292593 0.0550222 0.0499985 0.0481615 0.0509272 0.0454365 0.0371821 0.0499943 0.0432518 0.0441398 0.0469183 0.0450531 0.0530873 0.0517495 0.0211706 0.0342706 0.0157075 0.0149082 0.0329341 0.0000000 0.0165200 0.0134569 0.0219909 0.0133825 0.0141538 0.0196101 0.0110896 
H5N2.EPI_ISL_369335.environment.south_korea.NA.2017-12-06    0.0546943 0.0577859 0.0212627 0.0609759 0.0539040 0.0538763 0.0548523 0.0492476 0.0407977 0.0548224 0.0469834 0.0478894 0.0489203 0.0488227 0.0562291 0.0556827 0.0134243 0.0244968 0.0051092 0.0058636 0.0247389 0.0165200 0.0000000 0.0181896 0.0126732 0.0196584 0.0204556 0.0103813 0.0157354 
H6N2.EPI_ISL_243406.Anseriformes.netherlands.NA.2011-11-04   0.0436034 0.0455930 0.0327667 0.0485540 0.0419349 0.0419144 0.0446335 0.0375239 0.0295952 0.0437003 0.0372052 0.0380711 0.0390115 0.0389593 0.0446175 0.0436445 0.0245057 0.0361857 0.0173627 0.0165499 0.0348503 0.0134569 0.0181896 0.0000000 0.0213234 0.0134478 0.0142232 0.0197282 0.0111481 
H9N2.EPI_ISL_9593364.Anseriformes.iran.NA.2019-10-01         0.0582785 0.0595402 0.0268424 0.0617978 0.0556375 0.0556089 0.0547267 0.0509592 0.0442124 0.0584167 0.0504684 0.0513855 0.0524379 0.0523316 0.0609927 0.0592993 0.0188280 0.0301535 0.0118817 0.0111012 0.0304574 0.0219909 0.0126732 0.0213234 0.0000000 0.0251978 0.0260139 0.0141805 0.0211871 
NA.EPI_ISL_209116.Anseriformes.mongolia.NA.2015-08-30        0.0516581 0.0519076 0.0325665 0.0549757 0.0481464 0.0481224 0.0490672 0.0436228 0.0371537 0.0517769 0.0414725 0.0423531 0.0450795 0.0450173 0.0530415 0.0498574 0.0259709 0.0376512 0.0188278 0.0180120 0.0363305 0.0133825 0.0196584 0.0134478 0.0251978 0.0000000 0.0007219 0.0227834 0.0126065 
H10N2.EPI_ISL_18414927.Anseriformes.mongolia.NA.2022-05-01   0.0525939 0.0528490 0.0334103 0.0559349 0.0490704 0.0490458 0.0499952 0.0445276 0.0380245 0.0527153 0.0423602 0.0432445 0.0459835 0.0459198 0.0540217 0.0507861 0.0267888 0.0385153 0.0196200 0.0187998 0.0371996 0.0141538 0.0204556 0.0142232 0.0260139 0.0007219 0.0000000 0.0235902 0.0133743 
H4N2.EPI_ISL_18287397.Anseriformes.thailand.NA.2018-11-01    0.0554837 0.0576316 0.0244084 0.0608099 0.0537628 0.0537353 0.0547081 0.0491214 0.0406980 0.0556137 0.0468654 0.0477686 0.0487960 0.0486990 0.0560875 0.0555360 0.0149330 0.0276818 0.0096029 0.0088343 0.0279580 0.0196101 0.0103813 0.0197282 0.0141805 0.0227834 0.0235902 0.0000000 0.0188157 
H6N2.EPI_ISL_244552.Anseriformes.china.NA.2014-12-22         0.0489216 0.0509773 0.0300648 0.0540284 0.0472325 0.0472090 0.0481495 0.0427269 0.0345920 0.0490327 0.0405930 0.0414702 0.0442096 0.0423713 0.0501775 0.0489676 0.0219522 0.0334189 0.0149278 0.0141328 0.0320789 0.0110896 0.0157354 0.0111481 0.0211871 0.0126065 0.0133743 0.0188157 0.0000000 
